1 0.4625 0.445 0.4075 0.453333 0.3475 0.451667 0.285 0.443333 0.2675 0.438333 0.27 0.451667 0.295 0.456667 0.33 0.463333 0.3725 0.471667 0.415 0.47 0.41 0.505 0.43 0.505 0.4375 0.473333 0.4675 0.47 0.46 0.458333 0.465 0.458333
12 0.3425 0.225 0.315 0.245 0.305 0.29 0.355 0.316667 0.415 0.325 0.4425 0.305 0.4575 0.295 0.475 0.263333 0.4725 0.24 0.455 0.23 0.445 0.255 0.37 0.278333 0.35 0.25
6 0.4875 0.19 0.4425 0.183333 0.3725 0.181667 0.36 0.195 0.3725 0.206667 0.385 0.213333 0.405 0.215 0.42 0.208333 0.4325 0.2 0.44 0.205 0.455 0.221667 0.4725 0.22 0.49 0.21
4 0.315 0.285 0.3075 0.275 0.3025 0.261667 0.285 0.266667 0.2925 0.273333 0.2425 0.29 0.225 0.338333 0.21 0.378333 0.2025 0.416667 0.195 0.46 0.1875 0.528333 0.2025 0.526667 0.2425 0.526667 0.2475 0.558333 0.26 0.538333 0.275 0.481667 0.2825 0.446667 0.2675 0.431667 0.2775 0.42 0.265 0.403333 0.2775 0.37 0.2925 0.336667 0.305 0.316667 0.2925 0.308333 0.3025 0.3 0.315 0.285 0.4525 0.293333 0.46 0.353333 0.47 0.355 0.475 0.375 0.465 0.375 0.4625 0.41 0.47 0.471667 0.475 0.51 0.5125 0.475 0.5375 0.473333 0.555 0.485 0.56 0.49 0.5375 0.505 0.5275 0.51 0.5325 0.56 0.55 0.56 0.565 0.553333 0.565 0.523333 0.5675 0.505 0.5775 0.49 0.5875 0.481667 0.5825 0.463333 0.5625 0.45 0.5375 0.45 0.53 0.451667 0.5325 0.445 0.545 0.44 0.57 0.438333 0.5875 0.455 0.595 0.47 0.5975 0.458333 0.6075 0.448333 0.615 0.43 0.61 0.415 0.6025 0.391667 0.5875 0.365 0.5775 0.331667 0.56 0.298333 0.54 0.285 0.51 0.276667 0.4775 0.261667 0.4525 0.293333
8 0.275 0.455 0.26 0.53 0.255 0.56 0.2375 0.585 0.2325 0.605 0.305 0.618333 0.385 0.62 0.4675 0.615 0.4675 0.58 0.4575 0.56 0.4575 0.54 0.475 0.516667 0.4725 0.461667 0.4425 0.473333 0.43 0.5 0.4075 0.506667 0.415 0.471667
8 0.3125 0.293333 0.295 0.305 0.3 0.315 0.3075 0.318333 0.2775 0.365 0.2675 0.4 0.2725 0.42 0.27 0.433333 0.29 0.446667 0.345 0.456667 0.3725 0.453333 0.405 0.455 0.4275 0.45 0.4625 0.45 0.4575 0.425 0.46 0.376667 0.475 0.376667 0.475 0.356667 0.4575 0.356667 0.46 0.33 0.4475 0.296667 0.4225 0.316667 0.3875 0.326667 0.36 0.316667 0.345 0.308333
0 0.535 0.44 0.5225 0.455 0.555 0.448333 0.575 0.46 0.5825 0.48 0.5825 0.506667 0.5775 0.536667 0.5725 0.561667 0.55 0.57 0.5525 0.581667 0.5375 0.578333 0.53 0.551667 0.5225 0.563333 0.5125 0.581667 0.4925 0.601667 0.455 0.618333 0.4675 0.708333 0.4625 0.74 0.485 0.773333 0.5175 0.775 0.56 0.77 0.595 0.755 0.645 0.736667 0.665 0.721667 0.665 0.678333 0.655 0.656667 0.66 0.641667 0.64 0.601667 0.645 0.596667 0.6325 0.575 0.6075 0.565 0.6025 0.53 0.5925 0.491667 0.5925 0.46 0.5775 0.445 0.56 0.438333
7 0.2325 0.603333 0.205 0.668333 0.185 0.718333 0.19 0.751667 0.23 0.766667 0.275 0.765 0.3225 0.758333 0.37 0.77 0.385 0.766667 0.3975 0.753333 0.4 0.726667 0.3825 0.725 0.345 0.72 0.3175 0.71 0.3425 0.685 0.38 0.648333 0.385 0.628333 0.4025 0.666667 0.4075 0.71 0.415 0.755 0.3875 0.84 0.3625 0.88 0.36 0.895 0.395 0.895 0.41 0.901667 0.42 0.876667 0.4375 0.848333 0.4575 0.823333 0.4875 0.776667 0.4675 0.746667 0.4675 0.71 0.4625 0.678333 0.4525 0.618333 0.3975 0.62 0.3225 0.616667
3 0.4025 0.713333 0.385 0.721667 0.4025 0.738333 0.405 0.763333 0.3975 0.776667 0.37 0.771667 0.365 0.781667 0.37 0.801667 0.385 0.818333 0.39 0.82 0.3975 0.806667 0.415 0.773333 0.4075 0.725
3 0.4075 0.905 0.3625 0.895 0.3525 0.91 0.345 0.931667 0.3275 0.953333 0.33 0.978333 0.3625 0.981667 0.385 0.975 0.405 0.956667 0.415 0.93
