0 0.485 0.511667 0.505 0.515 0.505 0.541667 0.495 0.565 0.5 0.631667 0.5 0.676667 0.505 0.665 0.5125 0.601667 0.5225 0.518333 0.535 0.516667 0.5275 0.598333 0.53 0.665 0.5375 0.691667 0.5575 0.72 0.555 0.753333 0.535 0.793333 0.5025 0.826667 0.4825 0.82 0.4375 0.796667 0.41 0.786667 0.39 0.763333 0.3925 0.721667 0.3975 0.706667 0.3975 0.66 0.4125 0.62 0.46 0.568333 0.4725 0.538333
1 0.655 0.451667 0.655 0.456667 0.6225 0.455 0.6025 0.451667 0.5675 0.45 0.5675 0.445 0.6125 0.448333 0.655 0.451667 0.6675 0.451667 0.6675 0.458333 0.7125 0.458333 0.7425 0.46 0.7575 0.458333 0.755 0.453333 0.7025 0.453333 0.6675 0.451667
9 0.58 0.435 0.6425 0.445 0.67 0.448333 0.7025 0.451667 0.6675 0.451667 0.665 0.458333 0.71 0.458333 0.7425 0.46 0.7575 0.458333 0.7725 0.461667 0.7875 0.461667 0.7925 0.453333 0.7975 0.446667 0.8225 0.441667 0.845 0.45 0.8475 0.483333 0.85 0.503333 0.8475 0.533333 0.85 0.551667 0.85 0.571667 0.84 0.578333 0.815 0.581667 0.77 0.586667 0.7275 0.581667 0.7 0.575 0.6925 0.573333 0.695 0.586667 0.6725 0.59 0.63 0.595 0.59 0.593333 0.5625 0.591667 0.5475 0.588333 0.545 0.593333 0.53 0.585 0.535 0.531667 0.555 0.49 0.57 0.451667 0.6025 0.451667 0.6225 0.455 0.6525 0.456667 0.6525 0.45 0.5675 0.445 0.5725 0.431667
8 0.735 0.451667 0.7325 0.398333 0.7375 0.345 0.74 0.308333 0.7525 0.311667 0.76 0.32 0.7725 0.318333 0.78 0.316667 0.7725 0.343333 0.77 0.373333 0.7625 0.415 0.75 0.45 0.735 0.451667 0.7275 0.453333 0.7125 0.445 0.6575 0.426667 0.6325 0.415 0.5825 0.411667 0.575 0.431667 0.5825 0.435 0.6625 0.448333 0.7 0.453333 0.7275 0.453333
4 0.7325 0.451667 0.7325 0.396667 0.74 0.306667 0.745 0.265 0.7425 0.228333 0.7325 0.218333 0.725 0.251667 0.72 0.28 0.7 0.323333 0.6575 0.4 0.6475 0.411667 0.6325 0.415 0.6725 0.431667 0.7125 0.445 0.7275 0.455 0.7325 0.451667 0.75 0.45 0.755 0.455 0.76 0.456667 0.7725 0.46 0.7875 0.461667 0.7975 0.445 0.8225 0.441667 0.825 0.421667 0.825 0.356667 0.8325 0.331667 0.8175 0.305 0.8175 0.285 0.8175 0.265 0.8075 0.273333 0.7775 0.311667 0.7775 0.325 0.77 0.368333 0.7625 0.416667 0.75 0.45
12 0.82 0.185 0.8 0.201667 0.7825 0.206667 0.77 0.206667 0.745 0.201667 0.73 0.203333 0.745 0.218333 0.75 0.235 0.745 0.265 0.7375 0.308333 0.75 0.311667 0.76 0.32 0.775 0.316667 0.7775 0.31 0.81 0.271667 0.8175 0.266667 0.82 0.251667 0.8325 0.24 0.83 0.208333 0.8325 0.203333
4 0.7025 0.32 0.72 0.28 0.725 0.251667 0.71 0.246667 0.7025 0.23 0.6775 0.211667 0.6425 0.231667 0.655 0.198333 0.6675 0.191667 0.6575 0.185 0.6125 0.188333 0.5925 0.195 0.565 0.238333 0.5375 0.31 0.5125 0.38 0.495 0.431667 0.48 0.481667 0.485 0.493333 0.5025 0.5 0.55 0.501667 0.5675 0.451667 0.5725 0.431667 0.5825 0.411667 0.6325 0.415 0.6475 0.411667 0.6575 0.4 0.7025 0.32 0.8325 0.331667 0.825 0.358333 0.8225 0.423333 0.8225 0.441667 0.8425 0.445 0.8475 0.476667 0.8525 0.503333 0.845 0.535 0.865 0.536667 0.8775 0.536667 0.895 0.536667 0.895 0.5 0.8975 0.416667 0.895 0.333333 0.8925 0.295 0.8975 0.261667 0.8975 0.248333 0.8925 0.245 0.8825 0.238333 0.8725 0.233333 0.8625 0.263333 0.855 0.29 0.8525 0.308333 0.865 0.326667 0.8775 0.338333 0.87 0.345 0.845 0.343333 0.8325 0.331667
7 0.6625 0.591667 0.6575 0.598333 0.63 0.661667 0.615 0.693333 0.59 0.706667 0.56 0.72 0.5375 0.69 0.53 0.665 0.54 0.661667 0.5425 0.633333 0.5425 0.593333 0.545 0.588333 0.5875 0.593333 0.63 0.595 0.6625 0.591667 0.7 0.575 0.7025 0.608333 0.6975 0.646667 0.7 0.668333 0.6925 0.691667 0.68 0.72 0.675 0.768333 0.67 0.796667 0.7 0.798333 0.72 0.793333 0.745 0.76 0.7625 0.731667 0.7775 0.688333 0.7925 0.621667 0.8075 0.583333 0.7725 0.586667 0.7275 0.58 0.7 0.575
3 0.395 0.791667 0.4 0.83 0.405 0.855 0.42 0.871667 0.45 0.881667 0.475 0.88 0.48 0.868333 0.475 0.841667 0.465 0.81 0.435 0.795 0.405 0.785
3 0.6675 0.783333 0.65 0.791667 0.645 0.8 0.65 0.82 0.635 0.856667 0.625 0.871667 0.6225 0.888333 0.635 0.895 0.6675 0.896667 0.685 0.895 0.7 0.88 0.71 0.851667 0.71 0.82 0.72 0.805 0.72 0.793333 0.695 0.798333 0.67 0.796667 0.67 0.783333
