0 0.42 0.586667 0.3975 0.621667 0.35 0.625 0.33 0.645 0.34 0.68 0.3175 0.721667 0.31 0.736667 0.315 0.75 0.37 0.756667 0.4 0.768333 0.4525 0.77 0.49 0.786667 0.55 0.786667 0.575 0.778333 0.6 0.78 0.605 0.755 0.595 0.718333 0.5825 0.705 0.6 0.7 0.6075 0.675 0.61 0.651667 0.5825 0.638333 0.55 0.638333 0.54 0.623333 0.5275 0.583333 0.515 0.588333 0.5225 0.62 0.5175 0.643333 0.5075 0.656667 0.4925 0.653333 0.4725 0.656667 0.435 0.628333 0.4375 0.616667 0.4175 0.606667 0.4275 0.591667
7 0.435 0.59 0.435 0.608333 0.4375 0.633333 0.4625 0.651667 0.4725 0.656667 0.4875 0.65 0.5 0.661667 0.515 0.648333 0.52 0.625 0.5175 0.591667 0.4975 0.586667 0.4775 0.575
7 0.57 0.516667 0.555 0.55 0.525 0.586667 0.5475 0.631667 0.5575 0.641667 0.595 0.641667 0.61 0.656667 0.585 0.705 0.6025 0.731667 0.6075 0.766667 0.5925 0.783333 0.555 0.785 0.5675 0.806667 0.565 0.835 0.585 0.86 0.585 0.883333 0.62 0.888333 0.6375 0.878333 0.6375 0.863333 0.6475 0.85 0.645 0.82 0.645 0.763333 0.6275 0.666667 0.6325 0.568333 0.6325 0.518333 0.6175 0.493333 0.605 0.516667
7 0.41 0.516667 0.4225 0.523333 0.4625 0.551667 0.4875 0.55 0.5025 0.53 0.52 0.513333
7 0.33 0.528333 0.32 0.563333 0.3225 0.586667 0.335 0.633333 0.355 0.625 0.39 0.626667 0.42 0.586667 0.3925 0.56 0.3625 0.516667
7 0.3425 0.755 0.3475 0.803333 0.35 0.843333 0.35 0.86 0.3675 0.866667 0.37 0.883333 0.39 0.888333 0.4075 0.883333 0.4175 0.878333 0.415 0.855 0.4275 0.848333 0.4175 0.836667 0.4225 0.793333 0.43 0.78 0.4275 0.77
3 0.365 0.9 0.3425 0.933333 0.3425 0.958333 0.365 0.976667 0.4025 0.976667 0.415 0.965 0.415 0.943333 0.415 0.911667 0.4175 0.9 0.4 0.896667 0.385 0.9
3 0.585 0.908333 0.585 0.948333 0.585 0.965 0.6075 0.976667 0.6325 0.98 0.65 0.97 0.6625 0.946667 0.65 0.918333 0.6425 0.898333 0.615 0.905
8 0.42 0.303333 0.41 0.333333 0.4225 0.378333 0.425 0.408333 0.425 0.436667 0.4325 0.47 0.435 0.495 0.405 0.498333 0.41 0.513333 0.4575 0.513333 0.525 0.511667 0.535 0.491667 0.505 0.495 0.495 0.453333 0.485 0.436667 0.4875 0.42 0.47 0.395 0.455 0.341667 0.45 0.31
4 0.4075 0.18 0.3675 0.196667 0.3025 0.211667 0.2775 0.248333 0.2725 0.296667 0.2725 0.361667 0.275 0.388333 0.295 0.45 0.32 0.501667 0.3375 0.526667 0.3675 0.518333 0.4075 0.501667 0.425 0.501667 0.4375 0.493333 0.425 0.438333 0.425 0.38 0.4075 0.32 0.44 0.286667 0.445 0.31 0.455 0.346667 0.4675 0.396667 0.4875 0.42 0.485 0.443333 0.4925 0.46 0.505 0.495 0.535 0.49 0.5775 0.5 0.5925 0.513333 0.6075 0.511667 0.63 0.463333 0.655 0.39 0.65 0.33 0.64 0.29 0.65 0.268333 0.6325 0.225 0.6075 0.203333 0.5575 0.196667 0.555 0.23 0.5275 0.271667 0.5 0.306667 0.46 0.303333 0.4825 0.256667 0.485 0.22 0.4425 0.238333 0.4 0.226667
