11 0.5425 0.301667 0.4775 0.33 0.4675 0.333333 0.47 0.325 0.4675 0.316667 0.4675 0.308333 0.49 0.3 0.5 0.296667 0.5275 0.296667 0.5425 0.296667
12 0.5525 0.366667 0.56 0.371667 0.56 0.381667 0.55 0.398333 0.55 0.406667 0.5425 0.418333 0.5375 0.425 0.55 0.451667 0.5325 0.501667 0.5275 0.518333 0.5325 0.556667 0.5225 0.566667 0.4825 0.558333 0.4575 0.55 0.4675 0.508333 0.4525 0.508333 0.4425 0.458333 0.4425 0.43 0.44 0.423333 0.43 0.406667 0.4275 0.396667 0.425 0.38 0.4275 0.37 0.435 0.358333 0.4375 0.355 0.4525 0.343333 0.4625 0.341667 0.4675 0.34 0.475 0.348333 0.475 0.356667 0.4725 0.365 0.4825 0.385 0.4925 0.39 0.5025 0.39 0.5125 0.39 0.5325 0.385 0.5425 0.381667
4 0.555 0.405 0.555 0.395 0.625 0.401667 0.6725 0.401667 0.7025 0.391667 0.7625 0.38 0.7775 0.38 0.7925 0.41 0.7225 0.426667 0.685 0.44 0.66 0.44 0.595 0.443333 0.5925 0.443333 0.555 0.405 0.56 0.506667 0.55 0.531667 0.55 0.57 0.445 0.43 0.45 0.51 0.4525 0.558333 0.4475 0.61 0.43 0.651667 0.4175 0.696667 0.4125 0.708333 0.35 0.693333 0.36 0.641667 0.3775 0.65 0.3825 0.635 0.3825 0.626667 0.3925 0.633333 0.4 0.631667 0.395 0.603333 0.385 0.598333 0.325 0.608333 0.3175 0.57 0.315 0.505 0.3175 0.463333 0.35 0.408333 0.37 0.391667 0.385 0.385 0.3975 0.391667 0.385 0.445 0.375 0.49 0.3725 0.53 0.38 0.553333 0.39 0.518333 0.3975 0.486667 0.4025 0.461667 0.41 0.448333 0.41 0.435 0.4075 0.42 0.4 0.413333 0.415 0.41 0.41 0.4 0.4075 0.391667 0.4075 0.383333 0.4225 0.373333 0.4275 0.381667 0.43 0.403333 0.445 0.43 0.55 0.57 0.5675 0.641667 0.5825 0.691667 0.6 0.681667 0.6225 0.673333 0.605 0.618333 0.58 0.546667 0.59 0.525 0.59 0.511667 0.5875 0.5 0.5825 0.47 0.585 0.446667 0.5625 0.418333 0.55 0.405 0.545 0.413333 0.5425 0.43 0.5475 0.443333 0.545 0.466667 0.555 0.481667 0.5625 0.496667 0.56 0.506667
4 0.5275 0.585 0.5275 0.563333 0.54 0.563333 0.5275 0.518333 0.535 0.498333 0.55 0.486667 0.5475 0.47 0.56 0.496667 0.565 0.506667 0.55 0.521667 0.5525 0.563333 0.56 0.611667 0.5825 0.696667 0.58 0.698333 0.57 0.691667 0.5675 0.678333 0.5675 0.67 0.555 0.651667 0.5425 0.635 0.5275 0.585 0.445 0.606667 0.455 0.675 0.46 0.716667 0.4525 0.72 0.4425 0.71 0.4425 0.7 0.4425 0.688333 0.435 0.68 0.435 0.665 0.435 0.646667 0.435 0.626667 0.4425 0.611667 0.445 0.61 0.445 0.606667
8 0.47 0.515 0.4625 0.558333 0.525 0.565 0.535 0.59 0.525 0.605 0.505 0.623333 0.4975 0.613333 0.495 0.623333 0.47 0.628333 0.4425 0.623333 0.44 0.615 0.445 0.601667 0.45 0.581667 0.455 0.546667 0.4525 0.513333 0.45 0.496667 0.4525 0.5
7 0.535 0.598333 0.54 0.635 0.565 0.668333 0.57 0.7 0.5625 0.746667 0.56 0.758333 0.5825 0.816667 0.565 0.821667 0.545 0.83 0.535 0.821667 0.52 0.8 0.505 0.798333 0.5025 0.781667 0.4825 0.741667 0.4725 0.716667 0.4575 0.688333 0.4475 0.621667 0.48 0.628333 0.4975 0.625 0.5025 0.611667 0.505 0.625 0.5125 0.615 0.5175 0.608333 0.5275 0.603333
3 0.6 0.825 0.63 0.85 0.635 0.858333 0.63 0.866667 0.625 0.861667 0.6275 0.88 0.615 0.886667 0.605 0.896667 0.5975 0.893333 0.5925 0.89 0.5875 0.875 0.5825 0.875 0.575 0.863333 0.57 0.846667 0.58 0.836667 0.5925 0.838333 0.6 0.83
3 0.5225 0.8 0.54 0.833333 0.55 0.846667 0.545 0.856667 0.525 0.856667 0.5125 0.855 0.5025 0.843333 0.5 0.803333 0.5025 0.785 0.505 0.78
0 0.38 0.473333 0.3925 0.431667 0.39 0.421667 0.3975 0.395 0.4075 0.393333 0.415 0.41 0.4 0.411667 0.41 0.435 0.3925 0.463333 0.3875 0.516667 0.3775 0.556667 0.3725 0.513333 0.38 0.473333 0.32 0.473333 0.3175 0.558333 0.32 0.606667 0.33 0.608333 0.33 0.625 0.3025 0.618333 0.255 0.591667 0.2475 0.573333 0.2325 0.55 0.275 0.516667 0.315 0.473333 0.32 0.473333
0 0.56 0.413333 0.615 0.478333 0.5825 0.468333 0.5875 0.496667 0.5925 0.52 0.5775 0.548333 0.6025 0.616667 0.645 0.631667 0.7075 0.608333 0.66 0.503333 0.65 0.486667 0.6175 0.475 0.56 0.408333
