6 0.4225 0.113333 0.4375 0.106667 0.445 0.0983333 0.46 0.0983333 0.4675 0.1 0.475 0.103333 0.485 0.101667 0.4875 0.0966667 0.4925 0.095 0.505 0.0933333 0.5175 0.0933333 0.5275 0.0966667 0.53 0.103333 0.525 0.115 0.5125 0.118333 0.5 0.118333 0.48 0.103333 0.4675 0.113333 0.46 0.123333 0.4425 0.13 0.4225 0.123333
11 0.4425 0.0633333 0.4625 0.0566667 0.485 0.055 0.5175 0.0633333 0.54 0.0816667 0.5475 0.0933333 0.5325 0.09 0.505 0.09 0.47 0.085 0.435 0.095 0.425 0.11 0.4125 0.123333 0.4175 0.0966667 0.425 0.08
8 0.48 0.235 0.505 0.24 0.54 0.238333 0.5325 0.248333 0.5125 0.27 0.5025 0.291667 0.49 0.278333 0.485 0.258333
8 0.3825 0.301667 0.3825 0.29 0.3825 0.275 0.3725 0.253333 0.3725 0.231667 0.37 0.208333 0.345 0.22 0.34 0.231667 0.33 0.263333 0.325 0.3 0.3225 0.325 0.31 0.345 0.2975 0.36 0.2975 0.368333 0.3 0.395 0.31 0.383333 0.3225 0.38 0.3425 0.38 0.365 0.38 0.3675 0.36 0.3725 0.34 0.3775 0.321667 0.3825 0.301667 0.6475 0.315 0.64 0.343333 0.53 0.248333 0.515 0.266667 0.5 0.293333 0.4875 0.28 0.5625 0.238333 0.5725 0.216667 0.5825 0.203333 0.6025 0.218333 0.5775 0.233333 0.57 0.238333 0.57 0.248333 0.5625 0.238333 0.4875 0.28 0.485 0.258333 0.48 0.233333 0.47 0.238333 0.4625 0.216667 0.465 0.206667 0.4275 0.196667 0.4025 0.203333 0.43 0.21 0.435 0.216667 0.4325 0.235 0.4425 0.255 0.4675 0.28 0.4975 0.3 0.515 0.291667 0.525 0.276667 0.525 0.266667 0.54 0.255 0.54 0.238333 0.53 0.248333 0.64 0.343333 0.6425 0.366667 0.655 0.395 0.6525 0.416667 0.635 0.401667 0.615 0.396667 0.6025 0.396667 0.5825 0.373333 0.59 0.365 0.59 0.34 0.595 0.323333 0.59 0.313333 0.6 0.29 0.6225 0.271667 0.6325 0.241667 0.6475 0.263333 0.65 0.285 0.6475 0.315
1 0.395 0.356667 0.4375 0.355 0.48 0.358333 0.5025 0.358333 0.535 0.36 0.5875 0.363333 0.58 0.368333 0.525 0.363333 0.5575 0.373333 0.5575 0.38 0.55 0.39 0.5225 0.375 0.5325 0.393333 0.525 0.421667 0.525 0.44 0.52 0.481667 0.52 0.503333 0.51 0.498333 0.505 0.48 0.51 0.381667 0.505 0.371667 0.5 0.38 0.4825 0.378333 0.48 0.37 0.4925 0.363333 0.4375 0.36 0.41 0.358333
4 0.34 0.471667 0.375 0.475 0.4125 0.483333 0.4675 0.488333 0.5 0.486667 0.5075 0.486667 0.5075 0.498333 0.52 0.505 0.52 0.486667 0.5325 0.485 0.5475 0.49 0.57 0.49 0.6025 0.491667 0.605 0.481667 0.6125 0.475 0.61 0.458333 0.6075 0.431667 0.5975 0.396667 0.58 0.371667 0.58 0.368333 0.525 0.363333 0.5575 0.373333 0.5575 0.38 0.55 0.388333 0.5225 0.375 0.5325 0.391667 0.525 0.42 0.525 0.438333 0.52 0.48 0.52 0.505 0.5075 0.498333 0.505 0.483333 0.505 0.478333 0.51 0.381667 0.505 0.371667 0.5 0.38 0.4825 0.378333 0.4825 0.368333 0.4925 0.363333 0.4375 0.36 0.41 0.358333 0.3975 0.355 0.4375 0.353333 0.4825 0.358333 0.5 0.358333 0.535 0.36 0.5875 0.363333 0.59 0.34 0.5975 0.323333 0.585 0.311667 0.6 0.29 0.62 0.27 0.6375 0.236667 0.62 0.223333 0.6 0.218333 0.5775 0.231667 0.57 0.248333 0.57 0.266667 0.555 0.278333 0.5425 0.273333 0.5425 0.253333 0.5225 0.265 0.525 0.276667 0.5175 0.29 0.4975 0.3 0.4675 0.278333 0.44 0.255 0.4325 0.235 0.435 0.213333 0.43 0.208333 0.4 0.203333 0.3675 0.206667 0.3725 0.23 0.37 0.253333 0.3825 0.273333 0.38 0.29 0.3825 0.301667 0.3775 0.32 0.3725 0.34 0.3675 0.358333 0.3675 0.378333 0.3525 0.39 0.35 0.405 0.345 0.42 0.345 0.435 0.3425 0.44
3 0.4075 0.873333 0.4075 0.9 0.4125 0.911667 0.4425 0.92 0.475 0.92 0.485 0.903333 0.485 0.873333 0.455 0.865
3 0.4075 0.873333 0.4075 0.9 0.4125 0.911667 0.4425 0.92 0.475 0.92 0.485 0.903333 0.485 0.873333 0.455 0.865
7 0.3775 0.626667 0.3575 0.538333 0.355 0.505 0.3375 0.473333 0.37 0.473333 0.41 0.481667 0.475 0.486667 0.5025 0.486667 0.505 0.501667 0.52 0.503333 0.52 0.486667 0.535 0.483333 0.5475 0.486667 0.5675 0.488333 0.6 0.491667 0.5925 0.51 0.5875 0.57 0.57 0.65 0.5675 0.681667 0.57 0.721667 0.5675 0.788333 0.56 0.811667 0.535 0.825 0.5475 0.831667 0.555 0.841667 0.545 0.863333 0.5475 0.873333 0.52 0.87 0.4775 0.87 0.485 0.845 0.49 0.823333 0.4775 0.81 0.49 0.788333 0.4875 0.716667 0.5 0.706667 0.485 0.696667 0.49 0.686667 0.475 0.673333 0.4825 0.66 0.49 0.593333 0.475 0.508333 0.4625 0.56 0.475 0.648333 0.46 0.7 0.4575 0.751667 0.475 0.783333 0.47 0.801667 0.46 0.816667 0.48 0.83 0.485 0.848333 0.475 0.87 0.45 0.861667 0.4025 0.873333 0.405 0.856667 0.42 0.846667 0.385 0.835 0.395 0.811667 0.385 0.735 0.3925 0.676667
3 0.55 0.875 0.575 0.908333 0.5575 0.931667 0.5075 0.926667 0.485 0.901667 0.48 0.876667 0.52 0.871667 0.55 0.875 0.55 0.875 0.575 0.908333 0.5575 0.931667 0.5075 0.926667 0.485 0.901667 0.48 0.876667 0.52 0.871667 0.55 0.875
