7 0.35 0.65 0.3475 0.698333 0.355 0.743333 0.385 0.755 0.4225 0.776667 0.4825 0.826667 0.47 0.85 0.4875 0.86 0.515 0.86 0.5275 0.87 0.555 0.87 0.5775 0.841667 0.55 0.813333 0.5575 0.78 0.5625 0.746667 0.5475 0.715 0.545 0.698333 0.5625 0.66 0.54 0.661667 0.4975 0.668333 0.4725 0.666667 0.4425 0.656667 0.4275 0.636667 0.4175 0.655 0.3975 0.661667 0.3625 0.655 0.35 0.65
1 0.3825 0.463333 0.41 0.46 0.445 0.456667 0.4675 0.463333 0.4675 0.456667 0.535 0.458333 0.535 0.471667 0.49 0.475 0.4875 0.491667 0.475 0.493333 0.47 0.488333 0.465 0.48 0.43 0.476667 0.385 0.478333 0.3825 0.465
0 0.36 0.335 0.355 0.33 0.365 0.285 0.3775 0.265 0.3925 0.256667 0.3925 0.256667 0.415 0.256667 0.39 0.278333 0.38 0.3 0.36 0.335 0.355 0.563333 0.3575 0.57 0.35 0.615 0.3375 0.606667 0.3425 0.59 0.3475 0.588333 0.34 0.576667 0.355 0.565 0.355 0.563333
3 0.47 0.851667 0.485 0.86 0.5125 0.861667 0.5275 0.87 0.5275 0.89 0.4875 0.906667 0.4575 0.92 0.415 0.92 0.395 0.916667 0.39 0.901667 0.425 0.881667 0.4675 0.851667
3 0.47 0.851667 0.485 0.86 0.5125 0.861667 0.5275 0.87 0.5275 0.89 0.4875 0.906667 0.4575 0.92 0.415 0.92 0.395 0.916667 0.39 0.901667 0.425 0.881667 0.4675 0.851667
6 0.3125 0.586667 0.3 0.591667 0.295 0.615 0.3025 0.616667 0.3 0.623333 0.29 0.626667 0.285 0.648333 0.32 0.653333 0.33 0.638333 0.33 0.63 0.31 0.621667 0.3125 0.618333 0.335 0.616667 0.3375 0.606667 0.3325 0.593333 0.315 0.593333 0.3125 0.588333
8 0.435 0.306667 0.4575 0.315 0.425 0.36 0.4375 0.333333 0.4275 0.301667 0.4375 0.306667
8 0.535 0.458333 0.5125 0.375 0.51 0.331667 0.525 0.31 0.5325 0.283333 0.545 0.276667 0.5525 0.261667 0.55 0.243333 0.545 0.256667 0.5425 0.256667 0.545 0.256667 0.505 0.28 0.4675 0.305 0.425 0.36 0.4375 0.335 0.4275 0.301667 0.4175 0.328333 0.41 0.348333 0.3975 0.383333 0.3825 0.445 0.3825 0.465 0.4125 0.458333 0.4475 0.456667 0.4675 0.461667 0.4675 0.456667 0.535 0.458333 0.535 0.471667 0.545 0.518333 0.55 0.553333 0.575 0.545 0.605 0.535 0.6075 0.535 0.6275 0.573333 0.6325 0.621667 0.605 0.625 0.5975 0.651667 0.565 0.66 0.5425 0.661667 0.4975 0.668333 0.4725 0.665 0.4425 0.656667 0.4275 0.635 0.4175 0.655 0.395 0.66 0.365 0.655 0.35 0.648333 0.345 0.64 0.3525 0.616667 0.3575 0.57 0.355 0.565 0.3575 0.558333 0.36 0.528333 0.355 0.498333 0.38 0.513333 0.385 0.478333 0.4325 0.476667 0.465 0.48 0.47 0.488333 0.475 0.493333 0.4875 0.491667 0.49 0.475 0.535 0.471667
4 0.4525 0.273333 0.4475 0.286667 0.4275 0.303333 0.42 0.326667 0.41 0.35 0.3975 0.383333 0.3825 0.446667 0.3825 0.463333 0.385 0.478333 0.38 0.511667 0.355 0.498333 0.36 0.53 0.3575 0.56 0.305 0.558333 0.305 0.541667 0.3125 0.505 0.315 0.5 0.3075 0.483333 0.315 0.42 0.33 0.37 0.33 0.326667 0.3425 0.281667 0.365 0.263333 0.3825 0.255 0.425 0.253333 0.4225 0.255 0.4525 0.273333 0.53 0.288333 0.525 0.311667 0.51 0.333333 0.5125 0.376667 0.535 0.458333 0.535 0.47 0.545 0.516667 0.55 0.551667 0.575 0.546667 0.61 0.53 0.63 0.51 0.6175 0.475 0.62 0.428333 0.63 0.375 0.6725 0.405 0.6825 0.413333 0.7575 0.38 0.775 0.371667 0.775 0.37 0.805 0.376667 0.8175 0.391667 0.825 0.42 0.8075 0.428333 0.7925 0.425 0.795 0.413333 0.8 0.41 0.78 0.386667 0.7575 0.38 0.6825 0.413333 0.69 0.33 0.6425 0.285 0.6175 0.278333 0.595 0.283333 0.5525 0.263333 0.5525 0.263333 0.545 0.278333 0.53 0.288333
3 0.5275 0.871667 0.555 0.87 0.5775 0.843333 0.5875 0.846667 0.6175 0.858333 0.625 0.865 0.6 0.896667 0.5775 0.931667 0.5525 0.953333 0.5275 0.96 0.515 0.95 0.53 0.916667 0.5325 0.901667 0.5275 0.871667 0.5275 0.871667 0.5275 0.871667 0.555 0.87 0.5775 0.843333 0.5875 0.846667 0.6175 0.858333 0.625 0.865 0.6 0.896667 0.5775 0.931667 0.5525 0.953333 0.5275 0.96 0.515 0.95 0.53 0.916667 0.5325 0.901667 0.5275 0.871667 0.5275 0.871667
