0 0.44 0.43 0.4425 0.425 0.3625 0.328333 0.3525 0.335 0.44 0.43 0.505 0.463333 0.49 0.491667 0.4925 0.52 0.5 0.535 0.5225 0.541667 0.5475 0.538333 0.57 0.528333 0.5775 0.503333 0.585 0.481667 0.5775 0.465 0.555 0.461667 0.5475 0.431667 0.5475 0.356667 0.5375 0.365 0.53 0.418333 0.5375 0.456667 0.5325 0.461667 0.505 0.463333
11 0.395 0.0233333 0.3775 0.04 0.365 0.0583333 0.3275 0.07 0.3175 0.0833333 0.3325 0.106667 0.355 0.0866667 0.415 0.0783333 0.465 0.0816667 0.515 0.101667 0.5375 0.121667 0.5525 0.121667 0.5625 0.1 0.5275 0.075 0.5125 0.055 0.4925 0.035 0.455 0.025
4 0.35 0.261667 0.37 0.248333 0.385 0.216667 0.3625 0.24 0.335 0.263333 0.31 0.288333 0.3075 0.336667 0.3225 0.315 0.3225 0.283333 0.35 0.261667 0.355 0.266667 0.34 0.29 0.3525 0.32 0.39 0.356667 0.415 0.395 0.435 0.416667 0.4225 0.418333 0.39 0.378333 0.3625 0.331667 0.3475 0.368333 0.3425 0.4 0.3475 0.428333 0.4025 0.418333 0.4225 0.418333 0.435 0.416667 0.4375 0.43 0.4375 0.445 0.47 0.443333 0.51 0.448333 0.5225 0.423333 0.5275 0.393333 0.54 0.375 0.5375 0.365 0.54 0.355 0.555 0.331667 0.57 0.291667 0.5825 0.258333 0.57 0.215 0.5475 0.188333 0.5075 0.181667 0.4625 0.201667 0.42 0.216667 0.38 0.24 0.355 0.266667
1 0.3375 0.386667 0.3175 0.388333 0.3175 0.406667 0.3175 0.413333 0.335 0.413333 0.34 0.408333
9 0.52 0.425 0.4975 0.468333 0.535 0.466667
9 0.495 0.526667 0.4975 0.56 0.5075 0.568333 0.52 0.536667
9 0.345 0.413333 0.315 0.413333 0.32 0.453333 0.3225 0.491667 0.32 0.535 0.3175 0.565 0.345 0.573333 0.39 0.568333 0.4275 0.573333 0.4375 0.528333 0.4375 0.505 0.445 0.458333 0.435 0.443333 0.4375 0.428333 0.425 0.416667 0.365 0.428333 0.345 0.43
7 0.4325 0.568333 0.3475 0.573333 0.325 0.566667 0.335 0.636667 0.3575 0.683333 0.3675 0.716667 0.4175 0.74 0.425 0.778333 0.48 0.78 0.5175 0.771667 0.54 0.743333 0.5 0.711667 0.485 0.665 0.4975 0.615 0.495 0.583333 0.4675 0.603333 0.435 0.6
2 0.4225 0.776667 0.4375 0.883333 0.425 0.91 0.3325 0.945 0.3425 0.958333 0.3675 0.965 0.425 0.95 0.465 0.96 0.4975 0.968333 0.51 0.968333 0.52 0.955 0.5225 0.915 0.5325 0.89 0.5325 0.851667 0.54 0.828333 0.525 0.77 0.485 0.781667
2 0.5425 0.741667 0.5125 0.761667 0.5275 0.786667 0.5375 0.838333 0.5375 0.851667 0.575 0.908333 0.6 0.921667 0.605 0.95 0.5775 0.975 0.6 0.978333 0.6375 0.968333 0.65 0.95 0.6675 0.92 0.6875 0.92 0.71 0.89 0.7025 0.875 0.645 0.855 0.625 0.823333 0.5875 0.781667
