1 0.305 0.0433333 0.355 0.0583333 0.4075 0.0583333 0.45 0.0666667 0.5025 0.0666667 0.565 0.07 0.625 0.065 0.6425 0.085 0.6475 0.135 0.65 0.195 0.66 0.248333 0.6875 0.27 0.7 0.258333 0.6875 0.233333 0.68 0.17 0.68 0.12 0.6775 0.0766667 0.6875 0.0716667 0.68 0.0416667 0.655 0.0216667 0.62 0.02 0.6 0.0283333 0.545 0.025 0.5 0.0166667 0.4525 0.0183333 0.4025 0.0183333 0.36 0.0216667 0.3125 0.0216667
8 0.2875 0.0516667 0.265 0.0716667 0.2425 0.0983333 0.1925 0.171667 0.1425 0.228333 0.1325 0.27 0.165 0.276667 0.18 0.251667 0.23 0.225 0.27 0.211667 0.28 0.171667 0.295 0.156667 0.3275 0.151667 0.335 0.175 0.355 0.165 0.4175 0.185 0.4825 0.185 0.555 0.185 0.6375 0.198333 0.655 0.195 0.6475 0.131667 0.645 0.085 0.565 0.065 0.505 0.065 0.45 0.0633333 0.4075 0.0583333 0.3575 0.055 0.2975 0.0416667
8 0.675 0.005 0.655 0.025 0.62 0.02 0.6025 0.0283333 0.5375 0.0283333 0.5 0.0116667 0.45 0.0183333 0.4 0.0166667 0.3575 0.0183333 0.31 0.0183333 0.275 0 0.675 0
10 0.1525 0.283333 0.1425 0.285 0.1225 0.331667 0.125 0.373333 0.11 0.398333 0.0925 0.433333 0.1675 0.441667 0.25 0.455 0.2875 0.458333 0.435 0.468333 0.4525 0.46 0.5325 0.466667 0.65 0.456667 0.6475 0.466667 0.71 0.471667 0.805 0.441667 0.7825 0.386667 0.7475 0.403333 0.7175 0.418333 0.695 0.42 0.6775 0.435 0.65 0.426667 0.665 0.403333 0.6575 0.361667 0.665 0.323333 0.665 0.305 0.6875 0.278333 0.66 0.243333 0.655 0.193333 0.635 0.196667 0.5525 0.183333 0.475 0.181667 0.4175 0.181667 0.35 0.165 0.3375 0.175 0.3325 0.153333 0.295 0.16 0.275 0.17 0.2675 0.211667 0.23 0.22 0.175 0.253333 0.1425 0.283333
4 0.1825 0.0116667 0.115 0.055 0.0925 0.0983333 0.0825 0.138333 0.07 0.193333 0.0825 0.213333 0.16 0.19 0.1875 0.17 0.2425 0.101667 0.2675 0.07 0.295 0.0433333 0.3175 0.02 0.2675 0 0.2025 0
11 0.18 0.456667 0.1625 0.543333 0.1725 0.62 0.1525 0.666667 0.14 0.713333 0.115 0.703333 0.0925 0.665 0.09 0.621667 0.0925 0.606667 0.045 0.598333 0.0075 0.556667 0 0.521667 0.0125 0.481667 0.0575 0.45 0.0875 0.431667 0.1725 0.441667
3 0.4375 0.858333 0.4575 0.895 0.45 0.925 0.4625 0.921667 0.4575 0.888333 0.4525 0.858333
3 0.455 0.925 0.4675 0.923333 0.505 0.928333 0.5275 0.915 0.55 0.871667 0.54 0.913333 0.5175 0.95 0.48 0.981667 0.4625 0.985 0.45 0.955 0.455 0.925 0.45 0.925 0.4625 0.921667 0.4575 0.888333 0.4525 0.858333 0.4375 0.858333 0.4575 0.895 0.45 0.925
3 0.49 0.783333 0.475 0.808333 0.465 0.858333 0.46 0.875 0.4475 0.858333 0.4575 0.82 0.48 0.778333
3 0.355 0.891667 0.34 0.981667 0.3425 0.998333 0.465 0.998333 0.4675 0.986667 0.455 0.968333 0.4425 0.981667 0.4225 0.985 0.3825 0.99 0.3525 0.983333 0.36 0.901667
