0 0.085 0.738333 0.085 0.79 0.085 0.828333 0.08 0.863333 0.085 0.886667 0.0875 0.905 0.0875 0.93 0.0875 0.933333 0.0925 0.935 0.1175 0.936667 0.145 0.96 0.17 0.97 0.205 0.978333 0.23 0.981667 0.2625 0.976667 0.2925 0.963333 0.3125 0.95 0.3325 0.933333 0.355 0.91 0.365 0.886667 0.3675 0.863333 0.3675 0.833333 0.3625 0.808333 0.355 0.781667 0.35 0.775 0.3475 0.765 0.34 0.748333 0.3375 0.735 0.32 0.733333 0.3175 0.728333 0.3 0.726667 0.295 0.735 0.275 0.733333 0.27 0.725 0.265 0.721667 0.255 0.721667 0.23 0.713333 0.205 0.711667 0.19 0.713333 0.16 0.721667 0.1425 0.731667 0.1425 0.736667 0.135 0.735 0.1325 0.728333 0.1125 0.728333 0.1125 0.738333 0.09 0.736667
2 0.5875 0.87 0.58 0.903333 0.57 0.926667 0.555 0.945 0.5425 0.956667 0.5325 0.963333 0.5325 0.968333 0.53 0.98 0.5325 0.983333 0.5425 0.985 0.5625 0.986667 0.58 0.986667 0.605 0.985 0.6125 0.97 0.61 0.963333 0.615 0.953333 0.6225 0.935 0.6175 0.91 0.62 0.9 0.6075 0.891667 0.6 0.876667 0.595 0.868333
2 0.66 0.876667 0.66 0.888333 0.665 0.876667
1 0.5125 0.44 0.505 0.45 0.525 0.456667 0.555 0.466667 0.6025 0.473333 0.6125 0.476667 0.6425 0.48 0.6625 0.476667 0.6925 0.478333 0.715 0.481667 0.745 0.486667 0.755 0.481667 0.745 0.47 0.775 0.456667 0.7925 0.45 0.79 0.441667 0.7725 0.446667 0.7225 0.456667 0.695 0.456667 0.6625 0.456667 0.63 0.456667 0.61 0.456667 0.585 0.453333 0.5425 0.443333 0.52 0.436667
9 0.6025 0.473333 0.555 0.466667 0.5225 0.456667 0.5075 0.451667 0.505 0.455 0.505 0.465 0.5025 0.476667 0.5075 0.48 0.5125 0.49 0.5025 0.493333 0.5 0.496667 0.5 0.513333 0.505 0.52 0.5075 0.535 0.5125 0.545 0.5225 0.556667 0.525 0.561667 0.52 0.568333 0.52 0.573333 0.515 0.578333 0.5075 0.576667 0.5125 0.588333 0.5175 0.608333 0.5175 0.611667 0.5275 0.61 0.535 0.613333 0.5475 0.613333 0.5475 0.631667 0.5625 0.635 0.5575 0.628333 0.5725 0.64 0.59 0.643333 0.59 0.64 0.5725 0.635 0.5625 0.626667 0.56 0.613333 0.5875 0.613333 0.615 0.611667 0.6275 0.608333 0.625 0.616667 0.6275 0.623333 0.6375 0.63 0.6825 0.643333 0.6875 0.643333 0.69 0.641667 0.7425 0.641667 0.7575 0.638333 0.7625 0.636667 0.7675 0.64 0.7625 0.648333 0.7575 0.655 0.7525 0.66 0.7475 0.663333 0.7475 0.663333 0.7325 0.666667 0.7225 0.668333 0.72 0.673333 0.7325 0.67 0.7475 0.668333 0.7575 0.661667 0.77 0.646667 0.7725 0.64 0.775 0.631667 0.7875 0.638333 0.7925 0.631667 0.7925 0.618333 0.795 0.61 0.7975 0.591667 0.81 0.571667 0.815 0.561667 0.8125 0.545 0.8075 0.531667 0.8025 0.52 0.795 0.508333 0.785 0.513333 0.77 0.516667 0.755 0.516667 0.735 0.508333 0.7325 0.505 0.745 0.491667 0.725 0.498333 0.715 0.495 0.71 0.488333 0.7175 0.486667 0.7225 0.483333 0.69 0.478333 0.6625 0.475 0.6625 0.475 0.65 0.478333 0.6425 0.48 0.6125 0.476667 0.6025 0.473333 0.61 0.456667 0.63 0.456667 0.5875 0.448333 0.5625 0.443333 0.54 0.436667 0.5275 0.431667 0.5175 0.425 0.515 0.43 0.52 0.435 0.545 0.443333 0.5825 0.453333 0.61 0.456667
8 0.6125 0.178333 0.605 0.186667 0.5975 0.196667 0.5775 0.203333 0.55 0.208333 0.525 0.213333 0.5025 0.223333 0.49 0.233333 0.495 0.24 0.4875 0.263333 0.48 0.276667 0.47 0.283333 0.48 0.306667 0.4825 0.313333 0.49 0.316667 0.49 0.291667 0.4925 0.278333 0.505 0.29 0.5175 0.296667 0.52 0.325 0.52 0.355 0.52 0.371667 0.5175 0.385 0.5125 0.391667 0.5075 0.415 0.51 0.421667 0.5175 0.423333 0.5275 0.431667 0.5425 0.436667 0.5875 0.448333 0.63 0.456667 0.6625 0.455 0.6925 0.453333 0.7275 0.45 0.76 0.448333 0.775 0.445 0.785 0.441667 0.7875 0.43 0.79 0.415 0.7825 0.398333 0.7775 0.363333 0.7875 0.353333 0.7875 0.343333 0.7975 0.34 0.8125 0.313333 0.8225 0.29 0.8425 0.275 0.845 0.278333 0.85 0.276667 0.8575 0.266667 0.86 0.258333 0.8525 0.246667 0.845 0.235 0.835 0.218333 0.825 0.208333 0.805 0.201667 0.77 0.196667 0.735 0.19 0.72 0.185 0.7075 0.175 0.6875 0.193333 0.675 0.215 0.655 0.243333 0.64 0.268333 0.6275 0.286667 0.625 0.27 0.6125 0.235 0.61 0.206667 0.6075 0.191667 0.6125 0.19
8 0.6275 0.273333 0.6375 0.271667 0.6275 0.286667
4 0.855 0.273333 0.8675 0.278333 0.8875 0.28 0.9175 0.283333 0.92 0.301667 0.9275 0.325 0.9325 0.351667 0.9375 0.368333 0.9325 0.373333 0.945 0.39 0.9475 0.406667 0.9575 0.423333 0.9575 0.435 0.9525 0.451667 0.9425 0.458333 0.945 0.478333 0.9325 0.49 0.9175 0.495 0.9025 0.491667 0.885 0.476667 0.8775 0.456667 0.8725 0.446667 0.8775 0.428333 0.86 0.443333 0.8475 0.458333 0.85 0.46 0.8525 0.458333 0.85 0.471667 0.8375 0.491667 0.8325 0.5 0.8275 0.505 0.8175 0.51 0.805 0.51 0.8025 0.505 0.8 0.5 0.805 0.496667 0.8125 0.498333 0.8175 0.495 0.83 0.485 0.825 0.478333 0.83 0.473333 0.8325 0.466667 0.83 0.45 0.8375 0.403333 0.8375 0.39 0.8275 0.368333 0.83 0.338333 0.8375 0.311667 0.84 0.293333 0.8425 0.28 0.85 0.276667
6 0.615 0.111667 0.62 0.115 0.6225 0.115 0.6275 0.108333 0.645 0.106667 0.6575 0.108333 0.69 0.111667 0.715 0.113333 0.73 0.116667 0.7375 0.118333 0.74 0.128333 0.735 0.135 0.725 0.143333 0.71 0.145 0.6975 0.141667 0.685 0.13 0.6875 0.125 0.6825 0.123333 0.675 0.123333 0.6725 0.13 0.655 0.136667 0.635 0.136667 0.6225 0.13 0.6225 0.118333 0.615 0.116667
2 0.63 0.9 0.655 0.903333 0.67 0.901667 0.6625 0.89 0.67 0.89 0.6825 0.893333 0.6825 0.901667 0.6825 0.926667 0.6825 0.938333 0.68 0.961667 0.6775 0.966667 0.6825 0.983333 0.685 0.998333 0.6125 0.998333 0.605 0.985 0.6125 0.97 0.61 0.963333 0.615 0.951667 0.6225 0.931667 0.6175 0.91 0.62 0.898333
