1 0.39 0.41 0.3825 0.413333 0.3825 0.423333 0.3975 0.425 0.415 0.43 0.425 0.423333 0.4575 0.42 0.455 0.406667 0.4325 0.403333 0.425 0.415 0.4125 0.423333 0.395 0.415
10 0.3825 0.453333 0.4575 0.426667 0.4525 0.421667 0.4425 0.425 0.41 0.43 0.3775 0.42 0.3825 0.453333 0.4225 0.49 0.425 0.498333 0.4225 0.505 0.39 0.521667 0.3675 0.513333 0.3525 0.535 0.3275 0.541667 0.2925 0.536667 0.285 0.546667 0.2825 0.578333 0.285 0.621667 0.285 0.651667 0.3225 0.646667 0.3425 0.656667 0.415 0.663333 0.455 0.655 0.515 0.655 0.55 0.656667 0.6 0.646667 0.5875 0.566667 0.5875 0.541667 0.57 0.541667 0.5675 0.526667 0.525 0.533333 0.49 0.521667 0.46 0.476667 0.4225 0.49
7 0.5475 0.656667 0.51 0.66 0.4575 0.653333 0.375 0.661667 0.33 0.651667 0.335 0.68 0.3425 0.701667 0.3425 0.775 0.355 0.82 0.3625 0.866667 0.39 0.87 0.43 0.863333 0.425 0.828333 0.435 0.795 0.4325 0.761667 0.435 0.733333 0.4475 0.703333 0.46 0.745 0.45 0.778333 0.465 0.831667 0.4575 0.86 0.4825 0.863333 0.52 0.87 0.5275 0.856667 0.5375 0.803333 0.55 0.763333 0.55 0.725 0.5375 0.693333
2 0.37 0.876667 0.365 0.911667 0.36 0.926667 0.3625 0.95 0.3875 0.948333 0.4125 0.938333 0.42 0.933333 0.435 0.921667 0.43 0.89 0.425 0.873333 0.4125 0.875
2 0.45 0.866667 0.4475 0.876667 0.4525 0.89 0.4475 0.916667 0.46 0.941667 0.4825 0.945 0.5125 0.938333 0.525 0.913333 0.515 0.901667 0.5175 0.878333 0.4925 0.876667 0.51 0.866667 0.4925 0.866667 0.4925 0.866667
8 0.445 0.243333 0.4 0.261667 0.3525 0.265 0.355 0.321667 0.3825 0.396667 0.4325 0.396667 0.4525 0.4 0.455 0.343333
4 0.2775 0.236667 0.2425 0.263333 0.2325 0.323333 0.245 0.406667 0.285 0.453333 0.2675 0.523333 0.2775 0.535 0.265 0.553333 0.2775 0.555 0.285 0.533333 0.325 0.543333 0.3775 0.516667 0.3475 0.5 0.35 0.486667 0.3325 0.463333 0.3 0.47 0.3075 0.45 0.3175 0.435 0.3425 0.425 0.3075 0.405 0.28 0.38 0.2875 0.356667 0.275 0.323333 0.275 0.295 0.2875 0.266667 0.295 0.256667
4 0.3375 0.258333 0.3325 0.301667 0.3275 0.335 0.33 0.386667 0.365 0.401667 0.3725 0.405 0.375 0.398333 0.375 0.363333 0.36 0.318333 0.355 0.276667 0.3475 0.263333
4 0.45 0.235 0.4475 0.296667 0.4525 0.421667 0.4825 0.428333 0.505 0.436667 0.51 0.45 0.4825 0.455 0.4675 0.473333 0.4675 0.481667 0.505 0.531667 0.5175 0.533333 0.55 0.531667 0.5625 0.526667 0.575 0.543333 0.5925 0.543333 0.5925 0.533333 0.5875 0.508333 0.5525 0.435 0.555 0.423333 0.5475 0.366667 0.535 0.346667 0.535 0.325 0.48 0.27
4 0.495 0.221667 0.5275 0.251667 0.57 0.336667 0.59 0.371667 0.5875 0.403333 0.6025 0.375 0.6 0.345 0.5825 0.296667 0.55 0.235
12 0.44 0.236667 0.4475 0.215 0.415 0.228333 0.385 0.228333 0.3475 0.216667 0.3 0.228333 0.285 0.243333 0.29 0.253333 0.2775 0.298333 0.28 0.343333 0.29 0.363333 0.28 0.381667 0.3 0.403333 0.345 0.423333 0.38 0.45 0.37 0.426667 0.355 0.418333 0.3275 0.386667 0.3325 0.376667 0.325 0.343333 0.3375 0.285 0.3375 0.256667 0.38 0.271667 0.435 0.251667 0.44 0.236667 0.45 0.236667 0.5175 0.308333 0.5275 0.321667 0.545 0.365 0.555 0.408333 0.565 0.455 0.59 0.431667 0.585 0.395 0.5875 0.375 0.575 0.35 0.565 0.33 0.56 0.313333 0.5325 0.256667 0.4925 0.225 0.46 0.213333 0.445 0.223333 0.45 0.236667
11 0.3925 0.0916667 0.3275 0.101667 0.305 0.128333 0.305 0.155 0.32 0.166667 0.3525 0.138333 0.395 0.121667 0.4325 0.123333 0.4525 0.133333 0.4675 0.161667 0.4825 0.145 0.4825 0.123333 0.465 0.12 0.445 0.0983333 0.4275 0.0866667 0.4275 0.0966667
