6 0.475 0.085 0.515 0.085 0.5425 0.0883333 0.58 0.0916667 0.58 0.0966667 0.545 0.095 0.5375 0.111667 0.515 0.115 0.495 0.105 0.4975 0.0983333 0.4775 0.108333 0.4825 0.111667 0.4675 0.113333 0.46 0.106667 0.46 0.0916667
12 0.5 0.0683333 0.4875 0.0633333 0.4775 0.0616667 0.4775 0.0566667 0.5 0.045 0.5225 0.04 0.56 0.03 0.5925 0.0366667 0.6225 0.0516667 0.6375 0.0616667 0.6575 0.09 0.655 0.11 0.645 0.126667 0.63 0.126667 0.625 0.11 0.5925 0.095 0.5475 0.08 0.52 0.075
4 0.4675 0.185 0.4525 0.213333 0.445 0.25 0.4475 0.276667 0.4575 0.288333 0.4475 0.306667 0.435 0.326667 0.42 0.373333 0.4125 0.405 0.4025 0.44 0.395 0.466667 0.385 0.501667 0.385 0.528333 0.3775 0.513333 0.3875 0.443333 0.395 0.398333 0.4 0.386667 0.39 0.383333 0.345 0.395 0.3375 0.361667 0.33 0.345 0.345 0.341667 0.3525 0.345 0.35 0.328333 0.355 0.318333 0.3675 0.296667 0.37 0.265 0.38 0.263333 0.3875 0.203333 0.425 0.188333 0.4525 0.186667 0.4675 0.185 0.6375 0.183333 0.66 0.18 0.69 0.186667 0.7325 0.198333 0.7525 0.221667 0.7775 0.253333 0.8075 0.281667 0.8375 0.3 0.8425 0.323333 0.86 0.346667 0.8475 0.38 0.835 0.403333 0.8175 0.411667 0.795 0.415 0.7725 0.426667 0.7675 0.421667 0.7575 0.398333 0.73 0.385 0.7225 0.385 0.735 0.373333 0.7725 0.355 0.77 0.338333 0.7475 0.33 0.7225 0.316667 0.71 0.291667 0.7 0.315 0.685 0.355 0.68 0.373333 0.6725 0.413333 0.67 0.463333 0.6625 0.513333 0.65 0.563333 0.635 0.561667 0.6425 0.515 0.6475 0.488333 0.6625 0.463333 0.67 0.463333 0.6725 0.413333 0.65 0.396667 0.6625 0.35 0.67 0.323333 0.66 0.308333 0.67 0.288333 0.65 0.233333 0.6375 0.183333
4 0.4575 0.343333 0.415 0.45 0.3975 0.506667 0.385 0.561667 0.37 0.56 0.3675 0.545 0.385 0.53 0.3825 0.501667 0.3975 0.466667 0.4025 0.436667 0.415 0.401667 0.4225 0.37 0.4375 0.325 0.4475 0.306667 0.46 0.288333 0.4775 0.275 0.48 0.29 0.4575 0.343333 0.7025 0.4 0.4 0.388333 0.64 0.371667 0.6525 0.333333 0.655 0.308333 0.6725 0.321667 0.66 0.348333 0.65 0.396667 0.64 0.371667 0.4 0.388333 0.3975 0.398333 0.395 0.408333 0.3625 0.405 0.34 0.411667 0.3475 0.393333 0.39 0.383333 0.4 0.388333 0.7025 0.4 0.7225 0.386667 0.76 0.398333 0.765 0.425 0.7475 0.445 0.7425 0.433333 0.7275 0.426667 0.7075 0.411667 0.7025 0.4
8 0.4575 0.388333 0.44 0.388333 0.455 0.345 0.475 0.301667 0.4925 0.301667 0.505 0.273333 0.525 0.24 0.55 0.243333 0.5325 0.293333 0.5325 0.305 0.525 0.311667 0.54 0.323333 0.5675 0.325 0.6075 0.303333 0.6325 0.265 0.6475 0.273333 0.6525 0.305 0.65 0.33 0.64 0.371667 0.6475 0.395 0.625 0.39 0.5925 0.393333 0.585 0.398333 0.5875 0.403333 0.5725 0.408333 0.55 0.398333 0.5325 0.403333 0.5125 0.4 0.495 0.393333
1 0.47 0.433333 0.4525 0.413333 0.4325 0.41 0.4375 0.385 0.455 0.39 0.5 0.395 0.515 0.4 0.5325 0.403333 0.5525 0.398333 0.575 0.406667 0.6025 0.431667 0.5825 0.436667 0.5775 0.503333 0.5725 0.568333 0.565 0.583333 0.545 0.583333 0.5325 0.566667 0.5425 0.49 0.54 0.435
9 0.54 0.578333 0.505 0.576667 0.485 0.568333 0.4725 0.56 0.41 0.558333 0.3825 0.563333 0.4 0.505 0.415 0.445 0.43 0.41 0.45 0.411667 0.47 0.431667 0.54 0.435 0.5425 0.491667 0.53 0.566667 0.54 0.578333 0.5675 0.583333 0.57 0.568333 0.58 0.503333 0.58 0.436667 0.605 0.43 0.6175 0.438333 0.6475 0.433333 0.6725 0.441667 0.6775 0.451667 0.67 0.46 0.6575 0.463333 0.6475 0.486667 0.6425 0.518333 0.6325 0.563333 0.6275 0.575 0.635 0.585 0.6075 0.6 0.605 0.583333 0.59 0.585 0.5675 0.583333
0 0.4425 0.683333 0.4375 0.708333 0.4175 0.716667 0.4075 0.746667 0.395 0.776667 0.355 0.776667 0.3425 0.77 0.3175 0.713333 0.2875 0.651667 0.27 0.615 0.2925 0.59 0.3125 0.555 0.3225 0.575 0.35 0.583333 0.3575 0.561667 0.3675 0.545 0.37 0.561667 0.395 0.593333
3 0.35 0.968333 0.3575 0.963333 0.3775 0.961667 0.39 0.97 0.375 0.976667 0.355 0.975 0.35 0.968333 0.355 0.945 0.3425 0.966667 0.345 0.99 0.365 0.988333 0.4075 0.991667 0.4125 0.976667 0.425 0.965 0.425 0.946667 0.39 0.943333 0.37 0.908333 0.3725 0.896667 0.4075 0.901667 0.4175 0.903333 0.43 0.898333 0.435 0.91 0.425 0.913333 0.37 0.908333 0.39 0.943333 0.365 0.94 0.355 0.945
3 0.5425 0.971667 0.525 0.973333 0.505 0.973333 0.505 0.966667 0.525 0.966667 0.5425 0.971667 0.4675 0.973333 0.4725 0.99 0.515 0.993333 0.5375 0.988333 0.4625 0.936667 0.4575 0.931667 0.4525 0.916667 0.465 0.911667 0.4925 0.908333 0.5225 0.908333 0.53 0.92 0.5075 0.915 0.47 0.92 0.4625 0.936667 0.5375 0.988333 0.5525 0.973333 0.5325 0.946667 0.505 0.95 0.4775 0.948333 0.4675 0.953333 0.465 0.966667 0.4675 0.973333
