11 0.535 0.26 0.54 0.253333 0.5375 0.246667 0.53 0.24 0.5175 0.235 0.505 0.235 0.4975 0.223333 0.48 0.215 0.4625 0.211667 0.445 0.208333 0.43 0.21 0.4175 0.218333 0.41 0.228333 0.4025 0.238333 0.4 0.251667 0.3925 0.258333 0.3825 0.265 0.38 0.275 0.3825 0.281667 0.395 0.288333 0.405 0.29 0.4125 0.293333 0.4125 0.28 0.41 0.268333 0.41 0.258333 0.42 0.248333 0.445 0.241667 0.475 0.236667 0.5 0.24 0.5175 0.241667 0.525 0.251667 0.5275 0.256667
12 0.535 0.355 0.5125 0.355 0.5075 0.36 0.5 0.361667 0.4925 0.375 0.485 0.381667 0.4725 0.371667 0.4675 0.363333 0.46 0.353333 0.4725 0.35 0.49 0.35 0.495 0.35 0.4975 0.348333 0.505 0.345 0.5075 0.335 0.5175 0.325 0.53 0.333333 0.54 0.35
8 0.5475 0.361667 0.5475 0.373333 0.535 0.381667 0.52 0.385 0.5025 0.386667 0.4825 0.385 0.4625 0.381667 0.455 0.371667 0.4475 0.363333 0.445 0.35 0.4475 0.343333 0.455 0.335 0.4825 0.343333 0.4975 0.348333 0.495 0.35 0.49 0.35 0.4725 0.35 0.46 0.353333 0.4675 0.365 0.4725 0.371667 0.4825 0.381667 0.4925 0.375 0.5 0.361667 0.51 0.36 0.5125 0.356667 0.535 0.355 0.5425 0.351667 0.53 0.335 0.54 0.34 0.5475 0.351667
1 0.595 0.483333 0.575 0.488333 0.5675 0.491667 0.565 0.496667 0.5475 0.493333 0.54 0.496667 0.5275 0.503333 0.525 0.513333 0.52 0.516667 0.515 0.505 0.5125 0.496667 0.5125 0.491667 0.5225 0.486667 0.54 0.483333 0.5525 0.483333 0.5575 0.48 0.575 0.478333 0.5925 0.475 0.6 0.473333 0.6025 0.48
5 0.5925 0.475 0.6 0.473333 0.5875 0.456667 0.5775 0.44 0.5675 0.44 0.5625 0.451667 0.5525 0.455 0.54 0.45 0.535 0.438333 0.5425 0.428333 0.5475 0.415 0.55 0.4 0.5475 0.393333 0.54 0.383333 0.535 0.381667 0.52 0.385 0.5025 0.386667 0.4825 0.383333 0.4625 0.381667 0.47 0.398333 0.48 0.415 0.49 0.433333 0.5 0.453333 0.505 0.476667 0.51 0.486667 0.5125 0.491667 0.5225 0.486667 0.5425 0.483333 0.5525 0.483333 0.56 0.48 0.575 0.476667 0.5925 0.475 0.595 0.483333 0.6025 0.481667 0.615 0.501667 0.6425 0.553333 0.6775 0.613333 0.6925 0.651667 0.6675 0.656667 0.64 0.663333 0.63 0.666667 0.6225 0.663333 0.6025 0.665 0.585 0.666667 0.5675 0.67 0.55 0.68 0.55 0.65 0.54 0.615 0.535 0.573333 0.5275 0.541667 0.52 0.523333 0.52 0.515 0.525 0.513333 0.5275 0.503333 0.54 0.496667 0.5475 0.493333 0.565 0.496667 0.565 0.49 0.575 0.488333 0.595 0.483333
2 0.7225 0.755 0.725 0.775 0.7275 0.811667 0.7025 0.78 0.69 0.763333 0.7075 0.76 0.71 0.753333
7 0.6975 0.658333 0.7075 0.68 0.705 0.716667 0.705 0.741667 0.71 0.753333 0.7075 0.76 0.69 0.763333 0.68 0.75 0.665 0.758333 0.655 0.763333 0.6225 0.771667 0.6125 0.771667 0.5925 0.745 0.5725 0.72 0.565 0.71 0.5575 0.695 0.5575 0.686667 0.5525 0.68 0.565 0.67 0.585 0.668333 0.6025 0.665 0.6225 0.663333 0.63 0.666667 0.6375 0.663333 0.6675 0.656667 0.6925 0.651667
4 0.5775 0.44 0.5875 0.456667 0.6025 0.473333 0.6025 0.481667 0.6175 0.501667 0.6425 0.553333 0.6775 0.613333 0.695 0.651667 0.7 0.658333 0.7075 0.678333 0.7225 0.695 0.7425 0.693333 0.7575 0.693333 0.7825 0.683333 0.7975 0.68 0.805 0.671667 0.815 0.66 0.8025 0.638333 0.7875 0.616667 0.7775 0.593333 0.7575 0.56 0.7475 0.558333 0.7425 0.548333 0.735 0.555 0.73 0.541667 0.7375 0.531667 0.7325 0.521667 0.7375 0.52 0.75 0.521667 0.765 0.535 0.7725 0.536667 0.775 0.528333 0.7625 0.516667 0.76 0.511667 0.75 0.493333 0.7325 0.473333 0.7325 0.46 0.72 0.45 0.7175 0.436667 0.7075 0.415 0.695 0.4 0.69 0.388333 0.68 0.37 0.6725 0.358333 0.66 0.345 0.65 0.331667 0.64 0.323333 0.6475 0.325 0.6525 0.315 0.6525 0.301667 0.6425 0.301667 0.63 0.301667 0.6175 0.305 0.615 0.305 0.6025 0.308333 0.5775 0.308333 0.5575 0.315 0.555 0.328333 0.5675 0.333333 0.5725 0.353333 0.5675 0.365 0.5575 0.378333 0.565 0.4 0.575 0.423333 0.5775 0.44 0.5 0.453333 0.4925 0.433333 0.4825 0.415 0.47 0.396667 0.46 0.378333 0.455 0.371667 0.4475 0.365 0.445 0.35 0.45 0.34 0.44 0.325 0.4275 0.33 0.415 0.335 0.39 0.346667 0.3675 0.36 0.3675 0.365 0.3575 0.375 0.3475 0.383333 0.3525 0.385 0.36 0.381667 0.37 0.378333 0.3775 0.375 0.3675 0.391667 0.365 0.405 0.3625 0.423333 0.3575 0.45 0.3525 0.471667 0.3525 0.48 0.355 0.485 0.3475 0.5 0.3575 0.506667 0.3575 0.518333 0.365 0.523333 0.3575 0.53 0.3675 0.545 0.375 0.565 0.3925 0.59 0.4025 0.61 0.41 0.61 0.4 0.596667 0.405 0.588333 0.415 0.578333 0.44 0.568333 0.44 0.581667 0.46 0.603333 0.455 0.61 0.4475 0.601667 0.4425 0.611667 0.4375 0.613333 0.4325 0.618333 0.4275 0.628333 0.43 0.63 0.4375 0.625 0.435 0.641667 0.44 0.651667 0.4575 0.653333 0.4625 0.665 0.46 0.678333 0.465 0.695 0.48 0.718333 0.4925 0.73 0.5275 0.725 0.55 0.725 0.5675 0.721667 0.565 0.711667 0.5575 0.695 0.5575 0.686667 0.5475 0.68 0.55 0.648333 0.5425 0.613333 0.535 0.573333 0.5275 0.541667 0.52 0.523333 0.5175 0.513333 0.515 0.501667 0.5125 0.493333 0.51 0.483333 0.505 0.475 0.5 0.453333
0 0.435 0.611667 0.4425 0.616667 0.4475 0.638333 0.455 0.651667 0.4425 0.651667 0.435 0.65 0.435 0.64 0.4375 0.626667 0.4325 0.631667 0.43 0.631667 0.4325 0.621667 0.435 0.611667 0.435 0.528333 0.43 0.513333 0.425 0.496667 0.42 0.486667 0.4175 0.443333 0.415 0.396667 0.4225 0.4 0.4225 0.433333 0.4225 0.468333 0.43 0.498333 0.4375 0.518333 0.435 0.528333
2 0.825 0.945 0.8225 0.95 0.8325 0.966667 0.8325 0.976667 0.81 0.986667 0.795 0.991667 0.775 0.985 0.77 0.97 0.7725 0.955 0.765 0.948333 0.765 0.936667 0.755 0.925 0.74 0.913333 0.73 0.9 0.71 0.886667 0.6825 0.865 0.665 0.845 0.6475 0.83 0.6375 0.813333 0.6225 0.8 0.6125 0.785 0.605 0.771667 0.625 0.771667 0.655 0.765 0.665 0.758333 0.6775 0.748333 0.7025 0.78 0.7275 0.811667 0.7575 0.851667 0.7775 0.876667 0.785 0.893333 0.8025 0.908333 0.8175 0.925
2 0.6875 0.98 0.72 0.975 0.74 0.966667 0.74 0.951667 0.7375 0.941667 0.735 0.93 0.73 0.92 0.73 0.913333 0.7275 0.905 0.7225 0.9 0.7325 0.9 0.71 0.885 0.68 0.863333 0.665 0.846667 0.6675 0.868333 0.6675 0.88 0.6775 0.89 0.67 0.895 0.6775 0.905 0.675 0.913333 0.6775 0.923333 0.68 0.941667 0.6775 0.951667 0.675 0.965 0.6775 0.978333
