1 0.4625 0.483333 0.5 0.47 0.6 0.46 0.6075 0.478333 0.5 0.498333
8 0.4075 0.496667 0.37 0.511667 0.3675 0.503333 0.375 0.428333 0.3725 0.31 0.3925 0.238333 0.42 0.255 0.505 0.258333 0.5275 0.258333 0.55 0.253333 0.555 0.241667 0.545 0.228333 0.5525 0.226667 0.625 0.305 0.625 0.348333 0.615 0.441667 0.625 0.478333 0.61 0.476667 0.6 0.458333 0.5025 0.47 0.455 0.483333
0 0.25 0.741667 0.2625 0.7 0.285 0.66 0.305 0.64 0.3125 0.6 0.335 0.608333 0.3425 0.605 0.3475 0.591667 0.3625 0.601667 0.3875 0.68 0.4175 0.72 0.43 0.793333 0.4175 0.815 0.3975 0.828333 0.31 0.828333 0.255 0.758333
3 0.4475 0.866667 0.4425 0.853333 0.455 0.856667 0.46 0.858333 0.4925 0.856667 0.5125 0.855 0.5075 0.86 0.4975 0.863333 0.5025 0.898333 0.4975 0.893333 0.4875 0.863333
3 0.465 0.906667 0.49 0.918333 0.5125 0.916667 0.525 0.911667 0.525 0.903333 0.5125 0.91 0.495 0.913333
4 0.3975 0.226667 0.375 0.311667 0.3775 0.43 0.365 0.5 0.385 0.59 0.365 0.571667 0.3425 0.533333 0.2925 0.526667 0.285 0.498333 0.29 0.361667 0.2925 0.296667 0.32 0.246667 0.35 0.23 0.3975 0.226667 0.5525 0.226667 0.565 0.223333 0.605 0.23 0.6575 0.285 0.7125 0.521667 0.6675 0.523333 0.6475 0.561667 0.635 0.511667 0.625 0.48 0.615 0.44 0.6225 0.346667 0.6225 0.306667 0.5525 0.226667
6 0.455 0.153333 0.4725 0.146667 0.505 0.153333 0.525 0.153333 0.5525 0.153333 0.56 0.161667 0.5425 0.181667 0.5175 0.173333 0.505 0.161667 0.4925 0.176667 0.475 0.178333 0.45 0.17
7 0.45 0.846667 0.42 0.736667 0.405 0.705 0.405 0.648333 0.3525 0.508333 0.4775 0.475 0.4775 0.49 0.5375 0.49 0.6175 0.475 0.6475 0.495 0.6425 0.563333 0.6175 0.691667 0.57 0.841667 0.51 0.838333 0.525 0.79 0.5225 0.7 0.51 0.638333 0.495 0.765 0.51 0.836667 0.4925 0.843333
3 0.525 0.866667 0.5125 0.86 0.5125 0.853333 0.515 0.838333 0.5175 0.846667 0.53 0.858333 0.5525 0.851667 0.5775 0.85 0.58 0.853333 0.565 0.853333 0.58 0.888333 0.57 0.881667 0.555 0.856667 0.525 0.866667 0.525 0.866667 0.5125 0.86 0.5125 0.853333 0.515 0.838333 0.5175 0.846667 0.53 0.858333 0.5525 0.851667 0.5775 0.85 0.58 0.853333 0.565 0.853333 0.58 0.888333 0.57 0.881667 0.555 0.856667 0.525 0.866667
3 0.5475 0.893333 0.575 0.903333 0.5875 0.898333 0.5975 0.893333 0.61 0.886667 0.6125 0.893333 0.605 0.906667 0.585 0.911667 0.5475 0.906667
