11 0.615 0.276667 0.64 0.283333 0.67 0.288333 0.7 0.293333 0.7325 0.296667 0.7575 0.298333 0.76 0.293333 0.745 0.288333 0.725 0.283333 0.725 0.261667 0.7175 0.245 0.72 0.238333 0.705 0.238333 0.695 0.241667 0.6725 0.233333 0.66 0.236667 0.635 0.263333 0.6225 0.271667 0.6075 0.271667 0.6125 0.275
6 0.73 0.308333 0.72 0.298333 0.6975 0.298333 0.6925 0.306667 0.6825 0.303333 0.68 0.298333 0.6575 0.298333 0.64 0.298333 0.655 0.306667 0.655 0.313333 0.665 0.316667 0.6725 0.316667 0.69 0.308333 0.695 0.316667 0.7075 0.325 0.72 0.321667 0.7325 0.31 0.7325 0.308333
1 0.66 0.513333 0.6275 0.513333 0.605 0.513333 0.5825 0.513333 0.5475 0.511667 0.54 0.52 0.5925 0.521667 0.6025 0.521667 0.625 0.53 0.6325 0.525 0.655 0.521667 0.68 0.52 0.675 0.518333
0 0.435 0.615 0.4225 0.641667 0.42 0.655 0.43 0.661667 0.46 0.666667 0.5025 0.67 0.5175 0.66 0.505 0.628333 0.4975 0.595 0.495 0.568333 0.5025 0.551667 0.5175 0.52 0.5325 0.493333 0.555 0.455 0.5725 0.423333 0.585 0.408333 0.6 0.39 0.6025 0.383333 0.5875 0.393333 0.5725 0.4 0.5725 0.416667 0.5675 0.42 0.5575 0.428333 0.5375 0.463333 0.5175 0.505 0.5025 0.53 0.495 0.546667 0.48 0.546667 0.4675 0.56 0.47 0.568333 0.4575 0.578333 0.4325 0.603333 0.425 0.613333 0.445 0.606667
10 0.55 0.508333 0.5625 0.506667 0.575 0.51 0.595 0.51 0.605 0.511667 0.615 0.508333 0.6225 0.508333 0.6375 0.511667 0.6625 0.51 0.68 0.518333 0.675 0.518333 0.66 0.513333 0.6275 0.513333 0.6025 0.513333 0.5825 0.513333 0.5475 0.511667
10 0.5175 0.666667 0.5175 0.7 0.52 0.726667 0.5275 0.746667 0.535 0.755 0.5725 0.753333 0.5975 0.745 0.64 0.746667 0.6675 0.753333 0.695 0.755 0.715 0.713333 0.7375 0.665 0.75 0.638333 0.7425 0.631667 0.72 0.608333 0.72 0.591667 0.7175 0.581667 0.7075 0.573333 0.71 0.561667 0.7 0.545 0.7025 0.523333 0.68 0.52 0.6525 0.521667 0.6325 0.525 0.625 0.53 0.6025 0.521667 0.5925 0.521667 0.5425 0.52 0.53 0.54 0.52 0.553333 0.5075 0.558333 0.5 0.555 0.495 0.568333 0.4975 0.596667 0.505 0.63 0.5175 0.661667
8 0.7 0.471667 0.7 0.455 0.6975 0.433333 0.69 0.416667 0.685 0.415 0.67 0.425 0.6575 0.438333 0.665 0.46 0.6375 0.441667 0.6325 0.425 0.625 0.403333 0.6125 0.401667 0.595 0.418333 0.5875 0.438333 0.5875 0.463333 0.5675 0.485 0.5475 0.508333 0.565 0.506667 0.5725 0.51 0.595 0.508333 0.605 0.511667 0.615 0.508333 0.62 0.508333 0.6375 0.511667 0.6625 0.51 0.68 0.518333 0.705 0.525 0.6975 0.508333 0.7025 0.481667
4 0.6975 0.433333 0.7 0.455 0.7 0.471667 0.7025 0.483333 0.6975 0.506667 0.705 0.526667 0.7 0.545 0.71 0.56 0.705 0.575 0.7175 0.58 0.7225 0.58 0.7225 0.58 0.735 0.578333 0.75 0.586667 0.7525 0.575 0.7475 0.536667 0.75 0.516667 0.75 0.49 0.75 0.475 0.7575 0.446667 0.76 0.41 0.7625 0.388333 0.7575 0.373333 0.7525 0.361667 0.735 0.358333 0.7475 0.391667 0.75 0.425 0.745 0.463333 0.735 0.473333 0.72 0.475 0.735 0.445 0.7175 0.428333 0.71 0.47 0.705 0.441667 0.6975 0.433333 0.6125 0.403333 0.6275 0.385 0.63 0.358333 0.625 0.346667 0.6025 0.333333 0.595 0.328333 0.5475 0.325 0.5225 0.326667 0.4975 0.365 0.4725 0.4 0.46 0.413333 0.445 0.44 0.45 0.45 0.4625 0.458333 0.4875 0.458333 0.4925 0.456667 0.465 0.496667 0.45 0.52 0.4475 0.536667 0.455 0.543333 0.475 0.551667 0.48 0.545 0.4975 0.546667 0.5025 0.53 0.5175 0.506667 0.5375 0.463333 0.56 0.426667 0.57 0.418333 0.5575 0.41 0.5525 0.401667 0.55 0.386667 0.5625 0.38 0.5675 0.366667 0.5875 0.353333 0.6 0.356667 0.615 0.358333 0.62 0.37 0.6175 0.381667 0.6025 0.386667 0.6 0.39 0.585 0.408333 0.5725 0.425 0.555 0.455 0.5325 0.493333 0.5175 0.52 0.5 0.553333 0.5075 0.558333 0.52 0.553333 0.53 0.54 0.5425 0.521667 0.54 0.52 0.5475 0.511667 0.5475 0.506667 0.57 0.485 0.5875 0.463333 0.5875 0.438333 0.595 0.418333 0.6125 0.403333
7 0.645 0.78 0.6525 0.76 0.655 0.75 0.64 0.746667 0.5975 0.745 0.5725 0.753333 0.5775 0.78 0.585 0.8 0.58 0.838333 0.6075 0.846667 0.62 0.866667 0.655 0.858333 0.6475 0.826667 0.6475 0.796667
3 0.6075 0.871667 0.6125 0.858333 0.6125 0.853333 0.6075 0.846667 0.58 0.836667 0.5725 0.838333 0.57 0.863333 0.565 0.88 0.565 0.895 0.5575 0.91 0.5575 0.918333 0.565 0.933333 0.5825 0.938333 0.6025 0.936667 0.6075 0.926667 0.615 0.913333 0.61 0.885
3 0.6275 0.886667 0.625 0.903333 0.63 0.921667 0.6375 0.946667 0.645 0.965 0.6675 0.965 0.695 0.963333 0.695 0.945 0.69 0.931667 0.68 0.91 0.675 0.883333 0.6625 0.858333 0.6575 0.858333 0.6175 0.866667
