12 0.4225 0.285 0.42 0.28 0.3975 0.276667 0.3875 0.303333 0.3725 0.345 0.355 0.378333 0.3475 0.4 0.325 0.461667 0.3225 0.465 0.31 0.456667 0.3075 0.448333 0.3025 0.495 0.3125 0.503333 0.3325 0.503333 0.355 0.498333 0.37 0.496667 0.365 0.478333 0.3575 0.451667 0.3675 0.448333 0.37 0.438333 0.37 0.423333 0.37 0.415 0.375 0.406667 0.38 0.388333 0.3975 0.341667 0.4225 0.285 0.5025 0.301667 0.5075 0.355 0.5125 0.375 0.51 0.415 0.515 0.42 0.5075 0.455 0.4975 0.481667 0.5125 0.488333 0.5225 0.49 0.5325 0.501667 0.54 0.508333 0.535 0.528333 0.5675 0.535 0.62 0.535 0.6025 0.506667 0.57 0.475 0.5575 0.48 0.545 0.406667 0.5525 0.398333 0.54 0.338333 0.5375 0.32 0.5325 0.301667 0.525 0.286667 0.51 0.293333 0.5025 0.301667
8 0.42 0.278333 0.43 0.261667 0.445 0.251667 0.435 0.231667 0.415 0.238333 0.405 0.248333 0.4025 0.258333 0.3975 0.276667 0.42 0.278333 0.4225 0.285 0.45 0.288333 0.44 0.333333 0.45 0.348333 0.4725 0.328333 0.485 0.303333 0.5025 0.303333 0.5025 0.326667 0.5075 0.353333 0.5125 0.375 0.51 0.416667 0.4825 0.413333 0.4575 0.413333 0.4375 0.413333 0.4375 0.416667 0.415 0.415 0.3975 0.413333 0.3775 0.406667 0.38 0.386667 0.3975 0.341667 0.4 0.34 0.4225 0.285
0 0.3125 0.451667 0.305 0.448333 0.305 0.433333 0.3125 0.395 0.325 0.366667 0.335 0.333333 0.3425 0.311667 0.3475 0.291667 0.3575 0.278333 0.3525 0.26 0.3625 0.26 0.3675 0.273333 0.365 0.286667 0.3575 0.295 0.3525 0.315 0.3325 0.351667 0.3275 0.38 0.3175 0.411667 0.315 0.436667 0.3125 0.451667 0.3025 0.493333 0.2975 0.503333 0.295 0.52 0.2925 0.56 0.3075 0.555 0.31 0.538333 0.315 0.516667 0.3125 0.503333 0.3025 0.493333
1 0.51 0.436667 0.5075 0.451667 0.4675 0.453333 0.43 0.453333 0.41 0.455 0.38 0.45 0.3675 0.448333 0.37 0.44 0.3775 0.436667 0.3925 0.436667 0.4075 0.436667 0.4325 0.441667 0.4625 0.44 0.4875 0.438333 0.51 0.436667 0.51 0.431667 0.515 0.42 0.51 0.416667 0.4825 0.413333 0.4575 0.413333 0.435 0.415 0.415 0.413333 0.395 0.413333 0.3725 0.413333 0.37 0.423333 0.375 0.426667 0.4 0.428333 0.4375 0.43 0.46 0.43 0.4625 0.433333 0.4775 0.433333 0.485 0.431667 0.51 0.431667
10 0.37 0.43 0.3725 0.436667 0.4025 0.438333 0.4275 0.44 0.4475 0.441667 0.475 0.44 0.49 0.438333 0.5075 0.436667 0.51 0.433333 0.4825 0.43 0.4775 0.431667 0.46 0.431667 0.46 0.428333 0.4125 0.426667
10 0.37 0.446667 0.3875 0.451667 0.435 0.453333 0.465 0.451667 0.505 0.45 0.5075 0.461667 0.495 0.48 0.51 0.485 0.5325 0.495 0.5375 0.53 0.5525 0.533333 0.5825 0.538333 0.6075 0.535 0.6175 0.55 0.635 0.558333 0.645 0.563333 0.615 0.563333 0.58 0.561667 0.5425 0.563333 0.5225 0.561667 0.4925 0.563333 0.4525 0.568333 0.425 0.571667 0.3875 0.571667 0.3575 0.575 0.3275 0.575 0.3 0.57 0.3075 0.521667 0.3225 0.513333 0.3175 0.498333 0.3525 0.5 0.3725 0.493333 0.3625 0.47 0.355 0.453333
4 0.335 0.35 0.35 0.315 0.3575 0.293333 0.365 0.278333 0.365 0.26 0.3725 0.256667 0.4 0.248333 0.405 0.248333 0.4 0.261667 0.3975 0.276667 0.3875 0.305 0.3725 0.345 0.355 0.378333 0.345 0.4 0.325 0.465 0.3125 0.458333 0.3125 0.45 0.315 0.436667 0.32 0.41 0.3275 0.381667 0.335 0.35 0.33 0.35 0.3425 0.31 0.345 0.293333 0.36 0.278333 0.5275 0.286667 0.545 0.273333 0.56 0.273333 0.58 0.278333 0.595 0.28 0.59 0.288333 0.59 0.298333 0.59 0.311667 0.5925 0.348333 0.5925 0.378333 0.585 0.396667 0.5975 0.425 0.595 0.433333 0.605 0.448333 0.61 0.468333 0.6225 0.481667 0.6275 0.5 0.615 0.495 0.6 0.503333 0.57 0.475 0.5575 0.48 0.545 0.406667 0.5525 0.398333 0.5425 0.336667 0.5375 0.32 0.5325 0.301667 0.5275 0.286667 0.36 0.278333 0.35 0.258333 0.3175 0.255 0.3175 0.265 0.3125 0.271667 0.315 0.28 0.3 0.298333 0.2875 0.321667 0.2825 0.343333 0.2675 0.365 0.2675 0.373333 0.265 0.39 0.26 0.406667 0.2575 0.425 0.25 0.448333 0.25 0.46 0.2475 0.47 0.2425 0.475 0.24 0.485 0.2525 0.486667 0.275 0.488333 0.2925 0.493333 0.2975 0.478333 0.305 0.448333 0.305 0.43 0.3125 0.395 0.325 0.368333 0.33 0.35
2 0.3325 0.635 0.355 0.638333 0.385 0.638333 0.42 0.64 0.42 0.68 0.4225 0.701667 0.42 0.718333 0.42 0.746667 0.42 0.77 0.4175 0.793333 0.4175 0.806667 0.4125 0.815 0.415 0.836667 0.415 0.845 0.41 0.858333 0.4025 0.891667 0.4 0.9 0.3775 0.908333 0.3625 0.91 0.35 0.903333 0.3475 0.88 0.355 0.868333 0.36 0.848333 0.3625 0.833333 0.36 0.81 0.35 0.798333 0.35 0.765 0.3425 0.751667 0.3375 0.725 0.335 0.7 0.335 0.686667
2 0.3325 0.635 0.355 0.638333 0.385 0.638333 0.42 0.64 0.42 0.68 0.4225 0.701667 0.42 0.718333 0.42 0.746667 0.42 0.77 0.4175 0.793333 0.4175 0.806667 0.4125 0.815 0.415 0.836667 0.415 0.845 0.41 0.858333 0.4025 0.891667 0.4 0.9 0.3775 0.908333 0.3625 0.91 0.35 0.903333 0.3475 0.88 0.355 0.868333 0.36 0.848333 0.3625 0.833333 0.36 0.81 0.35 0.798333 0.35 0.765 0.3425 0.751667 0.3375 0.725 0.335 0.7 0.335 0.686667
2 0.42 0.64 0.445 0.641667 0.5025 0.64 0.4975 0.66 0.5025 0.681667 0.515 0.691667 0.515 0.728333 0.5225 0.768333 0.5175 0.796667 0.5125 0.805 0.5075 0.823333 0.5175 0.836667 0.5075 0.855 0.4925 0.873333 0.4775 0.895 0.465 0.901667 0.44 0.908333 0.4175 0.908333 0.41 0.905 0.4125 0.895 0.425 0.88 0.4375 0.866667 0.445 0.85 0.45 0.84 0.45 0.821667 0.4525 0.806667 0.45 0.771667 0.44 0.738333 0.43 0.711667 0.425 0.7 0.42 0.68 0.42 0.64 0.42 0.64 0.445 0.641667 0.5025 0.64 0.4975 0.66 0.5025 0.681667 0.515 0.691667 0.515 0.728333 0.5225 0.768333 0.5175 0.796667 0.5125 0.805 0.5075 0.823333 0.5175 0.836667 0.5075 0.855 0.4925 0.873333 0.4775 0.895 0.465 0.901667 0.44 0.908333 0.4175 0.908333 0.41 0.905 0.4125 0.895 0.425 0.88 0.4375 0.866667 0.445 0.85 0.45 0.84 0.45 0.821667 0.4525 0.806667 0.45 0.771667 0.44 0.738333 0.43 0.711667 0.425 0.7 0.42 0.68 0.42 0.64
