2 0.74 0.761667 0.7525 0.766667 0.8025 0.766667 0.79 0.811667 0.7975 0.821667 0.795 0.836667 0.7925 0.853333 0.7975 0.876667 0.8025 0.888333 0.7825 0.895 0.74 0.895 0.7325 0.88 0.74 0.848333 0.7425 0.811667
2 0.5575 0.766667 0.545 0.836667 0.535 0.855 0.515 0.88 0.5175 0.891667 0.5575 0.9 0.575 0.896667 0.5775 0.883333 0.5925 0.863333 0.595 0.843333 0.5925 0.831667 0.6 0.815 0.61 0.833333 0.6125 0.83 0.6 0.808333 0.6175 0.773333
7 0.59 0.648333 0.5875 0.681667 0.5675 0.711667 0.56 0.743333 0.56 0.765 0.5775 0.771667 0.615 0.775 0.63 0.741667 0.64 0.711667 0.665 0.685 0.6725 0.663333
7 0.7225 0.665 0.7275 0.685 0.7375 0.708333 0.74 0.763333 0.78 0.766667 0.8025 0.768333 0.8075 0.726667 0.8025 0.696667 0.8025 0.661667
7 0.68 0.546667 0.675 0.643333 0.7025 0.586667 0.71 0.546667
1 0.685 0.536667 0.7075 0.536667 0.71 0.548333 0.6825 0.546667
8 0.715 0.456667 0.7275 0.416667 0.7275 0.398333 0.695 0.396667 0.6875 0.363333 0.68 0.368333 0.675 0.401667 0.69 0.436667 0.69 0.453333 0.715 0.456667 0.7175 0.471667 0.6975 0.471667 0.695 0.488333 0.6975 0.503333 0.685 0.501667 0.6825 0.535 0.71 0.531667 0.7175 0.471667
1 0.63 0.445 0.6975 0.455 0.76 0.455 0.81 0.453333 0.81 0.463333 0.77 0.471667 0.7525 0.481667 0.7225 0.475 0.7125 0.47 0.695 0.468333 0.6975 0.501667 0.675 0.498333 0.68 0.47 0.6225 0.458333
11 0.66 0.198333 0.695 0.201667 0.75 0.228333 0.7625 0.243333 0.78 0.25 0.7875 0.245 0.785 0.223333 0.7525 0.19 0.7175 0.181667 0.69 0.181667 0.655 0.186667 0.635 0.208333
12 0.6725 0.278333 0.655 0.281667 0.6475 0.293333 0.6525 0.303333 0.6425 0.321667 0.6775 0.346667 0.6725 0.365 0.69 0.361667 0.695 0.396667 0.7325 0.393333 0.7325 0.38 0.7575 0.383333 0.7725 0.361667 0.785 0.311667 0.815 0.296667 0.8 0.276667 0.79 0.256667 0.765 0.265 0.6975 0.293333
4 0.8225 0.45 0.84 0.433333 0.8425 0.401667 0.8625 0.41 0.8975 0.401667 0.885 0.336667 0.875 0.316667 0.815 0.296667 0.7825 0.31 0.7775 0.36 0.7575 0.386667 0.735 0.381667 0.72 0.451667 0.7575 0.455 0.8 0.453333 0.8225 0.45 0.75 0.483333 0.7675 0.471667 0.8175 0.461667 0.8375 0.481667 0.845 0.526667 0.8375 0.541667 0.8375 0.58 0.8325 0.593333 0.8425 0.595 0.85 0.643333 0.81 0.663333 0.7525 0.663333 0.7125 0.663333 0.635 0.45 0.63 0.443333 0.6225 0.458333 0.58 0.473333 0.5725 0.528333 0.56 0.621667 0.5675 0.638333 0.6075 0.655 0.6725 0.661667 0.68 0.541667 0.6825 0.501667 0.6775 0.468333 0.6225 0.458333 0.63 0.443333 0.61 0.43 0.6 0.405 0.5825 0.401667 0.61 0.323333 0.64 0.306667 0.645 0.325 0.67 0.343333 0.68 0.366667 0.6725 0.396667 0.6875 0.436667 0.69 0.455 0.635 0.45 0.7125 0.663333 0.7075 0.57 0.7175 0.475 0.75 0.483333
