11 0.45 0.158333 0.45 0.133333 0.4575 0.12 0.47 0.1 0.465 0.085 0.52 0.08 0.5675 0.0866667 0.5775 0.095 0.5675 0.1 0.58 0.125 0.5775 0.155 0.5625 0.138333 0.535 0.128333 0.49 0.131667
0 0.3725 0.57 0.365 0.538333 0.3575 0.491667 0.365 0.483333 0.38 0.476667 0.3875 0.336667 0.395 0.313333 0.4075 0.35 0.4 0.408333 0.395 0.486667 0.4025 0.505 0.4175 0.555 0.41 0.575 0.3875 0.578333
12 0.44 0.43 0.4475 0.411667 0.4425 0.386667 0.4425 0.371667 0.4425 0.351667 0.4525 0.335 0.4725 0.343333 0.4925 0.345 0.505 0.341667 0.52 0.331667 0.5425 0.335 0.575 0.355 0.57 0.421667 0.6025 0.476667 0.565 0.491667 0.5175 0.501667 0.495 0.478333 0.495 0.446667
6 0.495 0.146667 0.515 0.151667 0.53 0.155 0.555 0.15 0.565 0.155 0.555 0.168333 0.5425 0.171667 0.5325 0.16 0.515 0.156667 0.51 0.163333 0.4975 0.166667 0.4875 0.163333 0.4875 0.151667
8 0.435 0.52 0.405 0.501667 0.3925 0.486667 0.4025 0.438333 0.445 0.43 0.4975 0.445 0.4925 0.476667 0.52 0.501667 0.5675 0.491667 0.605 0.475 0.58 0.428333 0.6375 0.435 0.6625 0.468333 0.6425 0.501667 0.625 0.501667 0.5775 0.513333 0.5225 0.53 0.4875 0.526667
7 0.4675 0.795 0.4525 0.756667 0.4325 0.715 0.425 0.683333 0.43 0.646667 0.4075 0.576667 0.4175 0.555 0.4025 0.501667 0.43 0.521667 0.49 0.526667 0.5225 0.53 0.58 0.515 0.635 0.503333 0.59 0.606667 0.58 0.64 0.5875 0.71 0.565 0.82 0.52 0.815 0.5175 0.798333 0.475 0.801667
2 0.4725 0.881667 0.4725 0.846667 0.47 0.803333 0.52 0.803333 0.52 0.815 0.5075 0.861667 0.5 0.891667
2 0.4725 0.881667 0.4725 0.846667 0.47 0.803333 0.52 0.803333 0.52 0.815 0.5075 0.861667 0.5 0.891667
4 0.455 0.156667 0.445 0.18 0.435 0.225 0.4275 0.271667 0.4275 0.301667 0.45 0.335 0.4425 0.353333 0.445 0.388333 0.45 0.413333 0.435 0.431667 0.4025 0.441667 0.4025 0.405 0.405 0.348333 0.3925 0.311667 0.39 0.34 0.385 0.433333 0.3675 0.48 0.35 0.493333 0.28 0.49 0.285 0.428333 0.3125 0.351667 0.3175 0.325 0.325 0.245 0.33 0.235 0.3575 0.216667 0.3925 0.213333 0.385 0.196667 0.3975 0.166667 0.455 0.156667 0.5725 0.16 0.6275 0.166667 0.6425 0.176667 0.645 0.215 0.675 0.235 0.6875 0.265 0.715 0.363333 0.755 0.443333 0.7825 0.471667 0.745 0.49 0.6975 0.5 0.67 0.468333 0.65 0.435 0.58 0.431667 0.5725 0.423333 0.5725 0.351667 0.5975 0.338333 0.6075 0.291667 0.6125 0.245 0.59 0.178333 0.5725 0.16
2 0.505 0.898333 0.505 0.865 0.52 0.815 0.5675 0.821667 0.5675 0.873333 0.555 0.906667 0.505 0.898333 0.505 0.898333 0.505 0.865 0.52 0.815 0.5675 0.821667 0.5675 0.873333 0.555 0.906667 0.505 0.898333
