12 0.6275 0.208333 0.5925 0.24 0.55 0.283333 0.5275 0.3 0.4875 0.326667 0.485 0.34 0.5175 0.351667 0.555 0.36 0.585 0.365 0.58 0.371667 0.555 0.371667 0.47 0.355 0.4575 0.383333 0.4375 0.43 0.425 0.461667 0.4175 0.485 0.435 0.521667 0.45 0.531667 0.4775 0.481667 0.47 0.525 0.4875 0.536667 0.5025 0.538333 0.5125 0.526667 0.5125 0.501667 0.525 0.485 0.58 0.44 0.585 0.416667 0.585 0.4 0.585 0.375 0.595 0.36 0.59 0.375 0.6025 0.38 0.635 0.376667 0.68 0.356667 0.695 0.288333 0.7175 0.256667 0.7275 0.22 0.7125 0.215 0.6425 0.256667 0.6125 0.245 0.6325 0.215
1 0.4725 0.345 0.47 0.355 0.555 0.371667 0.585 0.371667 0.585 0.363333 0.555 0.356667 0.5175 0.35 0.485 0.34
0 0.315 0.521667 0.265 0.573333 0.235 0.598333 0.22 0.618333 0.2075 0.636667 0.205 0.653333 0.2175 0.713333 0.235 0.715 0.26 0.716667 0.335 0.718333 0.4025 0.718333 0.4225 0.715 0.435 0.706667 0.445 0.641667 0.4375 0.606667 0.4275 0.588333 0.3925 0.516667 0.385 0.528333 0.4225 0.601667 0.415 0.618333 0.395 0.61 0.355 0.605 0.2925 0.608333 0.2475 0.615 0.25 0.608333 0.29 0.57 0.3425 0.511667 0.34 0.505
7 0.415 0.738333 0.4225 0.781667 0.43 0.813333 0.4325 0.83 0.4325 0.86 0.4525 0.875 0.4825 0.873333 0.4925 0.836667 0.4875 0.813333 0.51 0.743333 0.5125 0.726667 0.505 0.7 0.5125 0.688333 0.515 0.711667 0.51 0.75 0.51 0.823333 0.505 0.853333 0.4925 0.876667 0.5125 0.886667 0.55 0.893333 0.5525 0.866667 0.565 0.836667 0.5925 0.775 0.6075 0.751667 0.6075 0.735 0.6025 0.71 0.6 0.681667 0.615 0.603333 0.56 0.606667 0.5225 0.61 0.4675 0.593333 0.455 0.591667 0.4275 0.593333 0.44 0.605 0.445 0.641667 0.435 0.706667 0.415 0.716667
8 0.63 0.376667 0.6025 0.378333 0.5875 0.375 0.5825 0.398333 0.5825 0.418333 0.5775 0.44 0.615 0.433333 0.635 0.423333 0.6325 0.395
4 0.6275 0.208333 0.6275 0.2 0.64 0.176667 0.64 0.17 0.625 0.163333 0.5775 0.151667 0.525 0.143333 0.4975 0.15 0.425 0.208333 0.39 0.246667 0.375 0.276667 0.3525 0.311667 0.325 0.378333 0.31 0.4 0.3275 0.413333 0.345 0.435 0.3625 0.426667 0.38 0.428333 0.3975 0.435 0.4325 0.433333 0.455 0.385 0.47 0.356667 0.47 0.341667 0.485 0.325 0.525 0.3 0.5525 0.281667 0.5925 0.24 0.6275 0.208333 0.73 0.221667 0.7175 0.256667 0.695 0.288333 0.6775 0.356667 0.6325 0.38 0.6325 0.396667 0.635 0.423333 0.65 0.481667 0.6525 0.51 0.6575 0.54 0.6625 0.556667 0.675 0.53 0.7125 0.411667 0.7775 0.29 0.7775 0.28 0.7725 0.266667 0.76 0.253333 0.735 0.23 0.73 0.221667
3 0.43 0.861667 0.4175 0.908333 0.4225 0.93 0.435 0.938333 0.4525 0.943333 0.47 0.918333 0.48 0.91 0.4875 0.878333 0.4825 0.875 0.4525 0.871667
3 0.43 0.861667 0.4175 0.908333 0.4225 0.93 0.435 0.938333 0.4525 0.943333 0.47 0.918333 0.48 0.91 0.4875 0.878333 0.4825 0.875 0.4525 0.871667
10 0.4275 0.59 0.4575 0.591667 0.48 0.596667 0.5 0.601667 0.515 0.608333 0.525 0.61 0.5575 0.608333 0.6625 0.593333 0.6575 0.541667 0.6525 0.513333 0.65 0.48 0.6425 0.435 0.635 0.42 0.615 0.433333 0.5775 0.44 0.5225 0.488333 0.5125 0.5 0.5125 0.525 0.5 0.536667 0.4875 0.536667 0.4725 0.525 0.475 0.485 0.45 0.533333 0.435 0.521667 0.42 0.485 0.425 0.461667 0.4375 0.431667 0.435 0.431667 0.395 0.448333 0.405 0.48 0.405 0.501667 0.3975 0.516667 0.3975 0.528333 0.4275 0.59 0.415 0.591667 0.385 0.525 0.355 0.515 0.3575 0.535 0.355 0.545 0.355 0.553333 0.365 0.556667 0.3625 0.576667 0.3625 0.588333 0.3775 0.595 0.415 0.591667
3 0.495 0.878333 0.48 0.906667 0.47 0.92 0.455 0.943333 0.4425 0.956667 0.445 0.965 0.465 0.971667 0.4825 0.975 0.5225 0.965 0.5375 0.946667 0.555 0.915 0.565 0.896667 0.5675 0.886667 0.555 0.866667 0.5525 0.895 0.515 0.886667 0.495 0.878333 0.495 0.878333 0.48 0.906667 0.47 0.92 0.455 0.943333 0.4425 0.956667 0.445 0.965 0.465 0.971667 0.4825 0.975 0.5225 0.965 0.5375 0.946667 0.555 0.915 0.565 0.896667 0.5675 0.886667 0.555 0.866667 0.5525 0.895 0.515 0.886667 0.495 0.878333
