7 0.4225 0.485 0.465 0.49 0.5575 0.488333 0.6025 0.488333 0.625 0.481667 0.6175 0.503333 0.62 0.571667 0.5975 0.648333 0.5925 0.668333 0.605 0.731667 0.605 0.766667 0.605 0.781667 0.5925 0.796667 0.59 0.823333 0.6 0.836667 0.585 0.85 0.545 0.853333 0.515 0.843333 0.5175 0.835 0.5125 0.821667 0.5125 0.803333 0.5125 0.773333 0.5125 0.75 0.515 0.726667 0.51 0.713333 0.505 0.695 0.5025 0.691667 0.5 0.67 0.5 0.61 0.485 0.548333 0.48 0.546667 0.47 0.618333 0.475 0.678333 0.475 0.685 0.47 0.696667 0.4825 0.725 0.4775 0.75 0.485 0.766667 0.485 0.771667 0.4725 0.775 0.4725 0.801667 0.465 0.835 0.4425 0.808333 0.43 0.8 0.4075 0.778333 0.4 0.746667 0.3825 0.718333 0.3825 0.678333 0.3825 0.668333 0.415 0.65 0.4525 0.601667 0.4375 0.578333 0.4275 0.535 0.415 0.493333
0 0.45 0.156667 0.43 0.178333 0.4175 0.228333 0.415 0.381667 0.405 0.45 0.4075 0.468333 0.415 0.501667 0.4325 0.541667 0.4375 0.58 0.455 0.601667 0.415 0.655 0.3825 0.67 0.3575 0.676667 0.265 0.665 0.2575 0.648333 0.27 0.603333 0.28 0.598333 0.28 0.551667 0.2825 0.533333 0.3025 0.533333 0.285 0.503333 0.2925 0.48 0.33 0.453333 0.365 0.446667 0.3725 0.291667 0.385 0.186667 0.405 0.156667 0.425 0.156667
12 0.51 0.288333 0.5525 0.238333 0.565 0.21 0.555 0.2 0.555 0.175 0.5475 0.168333 0.5275 0.178333 0.5225 0.185 0.515 0.21 0.5125 0.231667 0.5025 0.273333
6 0.5075 0.09 0.5075 0.0933333 0.53 0.08 0.55 0.085 0.56 0.0933333 0.57 0.095 0.585 0.0833333 0.61 0.0866667 0.6175 0.0933333 0.6125 0.105 0.6025 0.108333 0.5875 0.11 0.5725 0.1 0.5625 0.0966667 0.5575 0.0966667 0.545 0.108333 0.525 0.11 0.51 0.0966667
11 0.5425 0.0233333 0.5625 0.0216667 0.59 0.0233333 0.6125 0.035 0.63 0.055 0.6375 0.0733333 0.645 0.075 0.6525 0.0733333 0.65 0.0566667 0.635 0.03 0.6125 0.0166667 0.5825 0.0116667 0.5575 0.01 0.5225 0.0216667 0.5075 0.03 0.49 0.0666667 0.4925 0.1 0.505 0.0616667 0.5025 0.0483333 0.505 0.035 0.5225 0.0283333
4 0.43 0.173333 0.45 0.156667 0.475 0.15 0.48 0.203333 0.505 0.275 0.51 0.293333 0.555 0.236667 0.5625 0.216667 0.585 0.205 0.6125 0.158333 0.6225 0.173333 0.6375 0.193333 0.6725 0.198333 0.6725 0.21 0.6775 0.24 0.7025 0.248333 0.72 0.245 0.74 0.226667 0.7525 0.22 0.7775 0.27 0.7725 0.3 0.725 0.311667 0.6975 0.306667 0.65 0.291667 0.6325 0.38 0.6275 0.44 0.6225 0.48 0.6025 0.49 0.4625 0.488333 0.41 0.485 0.4025 0.45 0.42 0.373333 0.4175 0.228333 0.43 0.173333 0.41 0.156667 0.3925 0.155 0.36 0.16 0.3475 0.183333 0.3325 0.193333 0.3325 0.203333 0.3075 0.27 0.3 0.298333 0.3 0.315 0.2825 0.356667 0.28 0.393333 0.33 0.386667 0.345 0.39 0.355 0.378333 0.35 0.413333 0.35 0.425 0.34 0.44 0.3375 0.448333 0.365 0.448333 0.37 0.291667 0.3825 0.185 0.41 0.156667
8 0.55 0.171667 0.575 0.166667 0.6025 0.151667 0.6075 0.163333 0.585 0.203333 0.57 0.213333 0.555 0.198333 0.5575 0.18 0.55 0.171667 0.5425 0.17 0.505 0.145 0.5075 0.131667 0.475 0.15 0.48 0.203333 0.5 0.278333 0.51 0.235 0.51 0.211667 0.5225 0.191667 0.5325 0.19 0.5275 0.176667 0.5425 0.17
2 0.47 0.778333 0.485 0.771667 0.51 0.786667 0.51 0.813333 0.5175 0.831667 0.5125 0.841667 0.5125 0.863333 0.505 0.89 0.4875 0.866667 0.4775 0.845 0.46 0.835 0.4725 0.801667
2 0.47 0.778333 0.485 0.771667 0.51 0.786667 0.51 0.813333 0.5175 0.831667 0.5125 0.841667 0.5125 0.863333 0.505 0.89 0.4875 0.866667 0.4775 0.845 0.46 0.835 0.4725 0.801667
2 0.515 0.843333 0.5475 0.851667 0.58 0.85 0.575 0.883333 0.565 0.92 0.5825 0.95 0.5825 0.963333 0.5825 0.968333 0.5525 0.981667 0.495 0.983333 0.4825 0.971667 0.495 0.921667 0.5025 0.911667 0.505 0.89 0.5125 0.86 0.515 0.843333 0.515 0.843333 0.5475 0.851667 0.58 0.85 0.575 0.883333 0.565 0.92 0.5825 0.95 0.5825 0.963333 0.5825 0.968333 0.5525 0.981667 0.495 0.983333 0.4825 0.971667 0.495 0.921667 0.5025 0.911667 0.505 0.89 0.5125 0.86 0.515 0.843333
