1 0.415 0.385 0.49 0.386667 0.53 0.39 0.555 0.388333 0.5575 0.398333 0.515 0.403333 0.46 0.398333 0.4275 0.396667 0.415 0.393333
4 0.44 0.176667 0.3625 0.213333 0.325 0.263333 0.285 0.298333 0.2425 0.35 0.2375 0.436667 0.2425 0.5 0.2575 0.508333 0.2725 0.508333 0.3075 0.508333 0.3475 0.505 0.3675 0.503333 0.37 0.498333 0.365 0.46 0.3825 0.436667 0.4125 0.406667 0.405 0.361667 0.39 0.366667 0.375 0.37 0.365 0.361667 0.3625 0.301667 0.4025 0.271667 0.4375 0.24 0.445 0.225 0.435 0.203333 0.4475 0.193333 0.4525 0.193333 0.475 0.196667 0.4775 0.185 0.475 0.173333 0.45 0.173333
8 0.535 0.32 0.5025 0.311667 0.475 0.308333 0.4525 0.31 0.4475 0.31 0.4325 0.331667 0.4225 0.333333 0.405 0.328333 0.3925 0.318333 0.3775 0.31 0.375 0.305 0.3725 0.296667 0.3625 0.301667 0.3675 0.363333 0.375 0.368333 0.405 0.361667 0.4075 0.385 0.42 0.385 0.495 0.386667 0.5375 0.39 0.555 0.388333 0.5775 0.383333 0.6125 0.363333 0.615 0.356667 0.585 0.345 0.535 0.32 0.5425 0.286667 0.575 0.298333 0.61 0.303333 0.6125 0.305 0.63 0.303333 0.645 0.313333 0.66 0.321667 0.66 0.341667 0.655 0.351667 0.655 0.358333 0.655 0.363333 0.6725 0.363333 0.69 0.366667 0.695 0.36 0.7 0.353333 0.7075 0.341667 0.71 0.318333 0.7025 0.31 0.7075 0.303333 0.6975 0.296667 0.69 0.275 0.68 0.248333 0.675 0.228333 0.665 0.213333 0.65 0.195 0.635 0.191667 0.625 0.191667 0.62 0.193333 0.625 0.293333 0.63 0.303333 0.6125 0.305 0.605 0.255 0.5975 0.216667 0.5975 0.203333 0.585 0.213333 0.57 0.218333 0.5625 0.221667 0.5525 0.22 0.5225 0.22 0.505 0.22 0.495 0.216667 0.49 0.231667 0.4675 0.265 0.505 0.27 0.5425 0.286667
6 0.5475 0.116667 0.5325 0.12 0.5125 0.116667 0.4975 0.118333 0.49 0.121667 0.4775 0.121667 0.4675 0.121667 0.44 0.121667 0.43 0.126667 0.4325 0.131667 0.44 0.133333 0.45 0.136667 0.46 0.138333 0.4775 0.131667 0.475 0.126667 0.48 0.125 0.49 0.125 0.4925 0.126667 0.5 0.135 0.52 0.133333 0.535 0.125 0.55 0.12
0 0.63 0.306667 0.6275 0.293333 0.62 0.195 0.6175 0.195 0.6025 0.195 0.5975 0.198333 0.5975 0.216667 0.605 0.256667 0.6125 0.305 0.63 0.306667 0.625 0.358333 0.6425 0.363333 0.6575 0.363333 0.69 0.365 0.6925 0.358333 0.7 0.361667 0.75 0.393333 0.7525 0.43 0.7525 0.438333 0.77 0.45 0.7725 0.451667 0.7675 0.453333 0.755 0.45 0.7525 0.466667 0.75 0.478333 0.71 0.485 0.6725 0.491667 0.665 0.49 0.6525 0.488333 0.64 0.478333 0.63 0.476667 0.6225 0.456667 0.615 0.43 0.6175 0.421667 0.625 0.405 0.6225 0.393333 0.63 0.388333 0.63 0.38 0.62 0.365 0.615 0.358333 0.625 0.358333
12 0.6325 0.485 0.6375 0.565 0.6425 0.58 0.6325 0.583333 0.6025 0.586667 0.6 0.571667 0.575 0.57 0.575 0.555 0.56 0.553333 0.56 0.536667 0.5625 0.496667 0.5775 0.415 0.58 0.4 0.58 0.391667 0.5875 0.378333 0.605 0.373333 0.61 0.365 0.6125 0.371667 0.615 0.383333 0.6175 0.411667 0.62 0.426667 0.615 0.433333 0.625 0.461667 0.63 0.475
7 0.3875 0.541667 0.425 0.625 0.4375 0.658333 0.44 0.683333 0.4375 0.7 0.445 0.73 0.475 0.786667 0.4925 0.813333 0.495 0.823333 0.4975 0.83 0.4975 0.835 0.495 0.858333 0.4925 0.868333 0.5 0.875 0.5225 0.873333 0.5325 0.87 0.54 0.873333 0.5275 0.911667 0.5275 0.923333 0.525 0.933333 0.5275 0.938333 0.535 0.941667 0.55 0.941667 0.5725 0.936667 0.58 0.93 0.585 0.918333 0.585 0.901667 0.58 0.876667 0.5825 0.85 0.5925 0.808333 0.6025 0.766667 0.605 0.715 0.5925 0.693333 0.585 0.676667 0.5875 0.653333 0.5925 0.641667 0.605 0.618333 0.615 0.596667 0.62 0.585 0.605 0.586667 0.6 0.573333 0.5775 0.57 0.575 0.555 0.5575 0.551667 0.56 0.538333 0.52 0.543333 0.515 0.555 0.4775 0.56 0.4425 0.555 0.435 0.555 0.415 0.55 0.42 0.55
3 0.4975 0.843333 0.4775 0.876667 0.4725 0.883333 0.475 0.888333 0.4825 0.896667 0.49 0.903333 0.4975 0.905 0.515 0.905 0.53 0.901667 0.54 0.873333 0.5375 0.87 0.5225 0.871667 0.5 0.875 0.4925 0.865 0.495 0.856667
3 0.4975 0.843333 0.4775 0.876667 0.4725 0.883333 0.475 0.888333 0.4825 0.896667 0.49 0.903333 0.4975 0.905 0.515 0.905 0.53 0.901667 0.54 0.873333 0.5375 0.87 0.5225 0.871667 0.5 0.875 0.4925 0.865 0.495 0.856667
9 0.5625 0.496667 0.5775 0.416667 0.58 0.401667 0.58 0.391667 0.58 0.385 0.5625 0.386667 0.56 0.391667 0.565 0.393333 0.565 0.4 0.5575 0.398333 0.515 0.401667 0.46 0.398333 0.425 0.395 0.415 0.393333 0.4125 0.401667 0.4125 0.406667 0.38 0.436667 0.365 0.465 0.3675 0.476667 0.37 0.498333 0.3625 0.508333 0.3525 0.52 0.3475 0.526667 0.36 0.53 0.38 0.538333 0.44 0.556667 0.4725 0.56 0.5 0.558333 0.5125 0.555 0.515 0.553333 0.52 0.543333 0.5525 0.54 0.56 0.538333 0.5625 0.496667 0.6325 0.485 0.63 0.475 0.6425 0.476667 0.655 0.491667 0.66 0.49 0.66 0.495 0.66 0.501667 0.6675 0.531667 0.6525 0.54 0.64 0.54 0.6375 0.536667 0.6325 0.485
3 0.585 0.871667 0.5925 0.88 0.6 0.886667 0.595 0.903333 0.59 0.926667 0.595 0.946667 0.59 0.956667 0.555 0.975 0.535 0.978333 0.5275 0.978333 0.5225 0.975 0.515 0.97 0.515 0.963333 0.515 0.953333 0.5175 0.946667 0.525 0.936667 0.54 0.941667 0.5525 0.941667 0.58 0.935 0.5875 0.913333 0.5825 0.88 0.58 0.873333 0.585 0.871667 0.585 0.871667 0.5925 0.88 0.6 0.886667 0.595 0.903333 0.59 0.926667 0.595 0.946667 0.59 0.956667 0.555 0.975 0.535 0.978333 0.5275 0.978333 0.5225 0.975 0.515 0.97 0.515 0.963333 0.515 0.953333 0.5175 0.946667 0.525 0.936667 0.54 0.941667 0.5525 0.941667 0.58 0.935 0.5875 0.913333 0.5825 0.88 0.58 0.873333 0.585 0.871667
