1 0.4175 0.39 0.45 0.39 0.4925 0.388333 0.4925 0.42 0.415 0.418333
10 0.42 0.595 0.4175 0.531667 0.42 0.471667 0.475 0.478333 0.455 0.556667 0.45 0.598333
8 0.415 0.418333 0.4675 0.423333 0.48 0.458333 0.475 0.476667 0.415 0.47 0.4125 0.451667 0.415 0.418333 0.415 0.39 0.415 0.33 0.405 0.288333 0.395 0.248333 0.4 0.243333 0.49 0.241667 0.5 0.263333 0.495 0.33 0.495 0.39 0.415 0.39
12 0.415 0.756667 0.42 0.806667 0.415 0.823333 0.375 0.831667 0.345 0.818333 0.355 0.756667 0.355 0.716667 0.345 0.6 0.345 0.511667 0.3425 0.436667 0.3375 0.39 0.33 0.32 0.33 0.26 0.3425 0.216667 0.3675 0.2 0.385 0.198333 0.395 0.25 0.415 0.33 0.415 0.395 0.415 0.418333 0.4125 0.468333 0.4175 0.533333 0.4175 0.603333 0.415 0.696667 0.4075 0.72 0.415 0.756667 0.49 0.753333 0.4875 0.721667 0.49 0.676667 0.49 0.638333 0.4925 0.586667 0.5075 0.605 0.505 0.626667 0.5425 0.628333 0.575 0.628333 0.59 0.626667 0.5825 0.645 0.5625 0.66 0.585 0.676667 0.5925 0.728333 0.5625 0.748333 0.5475 0.761667 0.5075 0.763333 0.49 0.753333
0 0.1225 0.581667 0.105 0.568333 0.12 0.541667 0.1575 0.53 0.1475 0.541667 0.125 0.565 0.135 0.575 0.1575 0.55 0.185 0.576667 0.205 0.566667 0.2375 0.551667 0.2275 0.511667 0.2375 0.48 0.2525 0.426667 0.2675 0.388333 0.2875 0.33 0.2925 0.306667 0.305 0.271667 0.325 0.276667 0.31 0.325 0.2825 0.395 0.265 0.458333 0.2525 0.523333 0.255 0.571667 0.2575 0.63 0.2675 0.671667 0.23 0.668333 0.1925 0.655 0.1675 0.658333 0.1275 0.646667 0.1325 0.635 0.1375 0.625
12 0.425 0.18 0.455 0.18 0.505 0.165 0.5075 0.193333 0.485 0.206667 0.405 0.203333 0.385 0.193333 0.3875 0.173333
4 0.3275 0.276667 0.3075 0.271667 0.2875 0.328333 0.265 0.39 0.2525 0.428333 0.2375 0.478333 0.2275 0.51 0.23 0.523333 0.1875 0.525 0.16 0.52 0.15 0.516667 0.165 0.493333 0.18 0.476667 0.1925 0.438333 0.21 0.425 0.2225 0.39 0.22 0.383333 0.225 0.343333 0.2375 0.3 0.2375 0.263333 0.25 0.238333 0.26 0.226667 0.29 0.215 0.305 0.208333 0.3425 0.216667 0.3275 0.261667 0.3275 0.276667 0.3275 0.276667 0.33 0.32 0.3375 0.388333 0.4925 0.39 0.4925 0.33 0.4975 0.26 0.495 0.231667 0.505 0.193333 0.535 0.206667 0.55 0.228333 0.565 0.231667 0.575 0.241667 0.59 0.305 0.615 0.431667 0.6225 0.478333 0.625 0.526667 0.5825 0.528333 0.5925 0.603333 0.5925 0.626667 0.505 0.626667 0.505 0.606667 0.4975 0.58 0.4975 0.536667 0.495 0.446667 0.4925 0.418333 0.4925 0.39 0.3375 0.388333 0.2825 0.538333 0.2725 0.593333 0.27 0.618333 0.2675 0.616667 0.2675 0.62 0.2575 0.63 0.2575 0.571667 0.2525 0.523333 0.265 0.455 0.2825 0.396667 0.3125 0.321667 0.3275 0.276667
4 0.35 0.675 0.32 0.685 0.3025 0.668333 0.2675 0.671667 0.255 0.628333 0.2675 0.616667 0.27 0.591667 0.28 0.538333 0.34 0.388333 0.3425 0.436667 0.345 0.508333 0.3425 0.603333 0.35 0.675 0.435 0.646667 0.445 0.596667 0.455 0.556667 0.475 0.475 0.4825 0.456667 0.465 0.418333 0.4925 0.418333 0.4925 0.443333 0.4975 0.546667 0.4975 0.576667 0.4925 0.586667 0.49 0.658333 0.47 0.653333 0.435 0.646667
7 0.3525 0.675 0.355 0.715 0.355 0.758333 0.3475 0.778333 0.3175 0.775 0.2975 0.765 0.2875 0.758333 0.2925 0.711667 0.2975 0.668333 0.32 0.683333 0.3525 0.675 0.4575 0.651667 0.47 0.655 0.4925 0.66 0.49 0.676667 0.4875 0.718333 0.4875 0.751667 0.51 0.763333 0.5525 0.761667 0.56 0.756667 0.545 0.785 0.505 0.783333 0.4775 0.778333 0.475 0.758333 0.4875 0.751667 0.4875 0.718333 0.475 0.69 0.4575 0.651667
2 0.32 0.875 0.305 0.826667 0.2925 0.79 0.2825 0.761667 0.3 0.765 0.3125 0.775 0.35 0.776667 0.345 0.816667 0.3725 0.83 0.3825 0.831667 0.3825 0.858333 0.3925 0.885 0.395 0.92 0.405 0.946667 0.405 0.973333 0.38 0.978333 0.35 0.975 0.33 0.966667 0.3275 0.946667 0.3325 0.91 0.3325 0.896667
2 0.4475 0.863333 0.45 0.823333 0.455 0.791667 0.46 0.763333 0.4675 0.755 0.475 0.758333 0.475 0.778333 0.5475 0.786667 0.5525 0.786667 0.53 0.843333 0.5175 0.881667 0.5175 0.896667 0.5325 0.91 0.5725 0.931667 0.605 0.95 0.6 0.961667 0.555 0.961667 0.52 0.953333 0.4925 0.94 0.4825 0.936667 0.455 0.936667 0.44 0.931667 0.4375 0.903333
