3 0.94 0.943333 0.935 0.958333 0.925 0.968333 0.9075 0.973333 0.895 0.975 0.88 0.973333 0.865 0.965 0.855 0.963333 0.845 0.973333 0.84 0.986667 0.8325 0.998333 0.9325 0.998333 0.94 0.99 0.9475 0.978333 0.9525 0.97 0.9525 0.958333 0.9475 0.948333
0 0.7275 0.63 0.71 0.578333 0.695 0.536667 0.675 0.475 0.665 0.448333 0.645 0.406667 0.6425 0.391667 0.6475 0.386667 0.635 0.378333 0.6275 0.333333 0.635 0.326667 0.6325 0.32 0.6225 0.311667 0.6225 0.301667 0.6325 0.296667 0.6375 0.298333 0.6425 0.331667 0.65 0.37 0.655 0.373333 0.6575 0.376667 0.6625 0.381667 0.6625 0.39 0.6725 0.421667 0.69 0.465 0.705 0.511667 0.72 0.555 0.7275 0.573333 0.73 0.59 0.7275 0.63 0.78 0.641667 0.785 0.621667 0.8 0.618333 0.8025 0.621667 0.8125 0.615 0.8075 0.593333 0.7975 0.538333 0.7975 0.526667 0.8225 0.531667 0.86 0.546667 0.8725 0.556667 0.88 0.566667 0.8825 0.578333 0.875 0.593333 0.8625 0.601667 0.86 0.606667 0.8575 0.615 0.85 0.633333 0.84 0.646667 0.83 0.658333 0.81 0.673333 0.7825 0.688333 0.775 0.691667 0.775 0.676667 0.7775 0.668333 0.78 0.653333 0.7825 0.651667 0.785 0.641667 0.78 0.641667
1 0.58 0.493333 0.55 0.493333 0.53 0.493333 0.52 0.49 0.51 0.486667 0.505 0.481667 0.4875 0.478333 0.495 0.466667 0.515 0.47 0.5325 0.466667 0.5425 0.47 0.5425 0.463333 0.5575 0.466667 0.565 0.471667 0.5725 0.481667
11 0.5425 0.25 0.5525 0.24 0.5575 0.23 0.54 0.221667 0.52 0.216667 0.5125 0.206667 0.5025 0.196667 0.495 0.188333 0.485 0.181667 0.4625 0.18 0.435 0.18 0.41 0.183333 0.3925 0.188333 0.3875 0.203333 0.38 0.218333 0.3775 0.228333 0.365 0.235 0.3525 0.24 0.345 0.248333 0.3475 0.258333 0.36 0.265 0.37 0.27 0.37 0.253333 0.3825 0.236667 0.405 0.228333 0.45 0.22 0.4925 0.221667 0.5175 0.228333 0.5375 0.238333
4 0.47 0.371667 0.4475 0.426667 0.4425 0.441667 0.4225 0.453333 0.4225 0.456667 0.4275 0.486667 0.435 0.508333 0.4425 0.535 0.445 0.556667 0.4275 0.573333 0.4025 0.603333 0.395 0.606667 0.3825 0.608333 0.38 0.6 0.385 0.588333 0.4025 0.566667 0.4175 0.548333 0.4175 0.541667 0.3975 0.546667 0.3875 0.55 0.38 0.551667 0.37 0.528333 0.365 0.508333 0.37 0.468333 0.375 0.456667 0.375 0.421667 0.38 0.393333 0.3825 0.368333 0.3625 0.366667 0.3175 0.361667 0.2725 0.356667 0.2275 0.35 0.195 0.338333 0.1825 0.333333 0.1825 0.32 0.1925 0.308333 0.2225 0.283333 0.2425 0.265 0.255 0.248333 0.2625 0.24 0.2975 0.241667 0.2875 0.25 0.31 0.261667 0.3325 0.268333 0.31 0.283333 0.3 0.298333 0.2875 0.306667 0.305 0.31 0.3175 0.306667 0.3375 0.306667 0.355 0.308333 0.3725 0.305 0.38 0.305 0.3925 0.306667 0.415 0.301667 0.425 0.308333 0.4425 0.318333 0.4425 0.321667 0.4625 0.328333 0.475 0.333333 0.47 0.371667 0.56 0.4 0.5525 0.44 0.55 0.455 0.5775 0.488333 0.605 0.526667 0.63 0.56 0.655 0.583333 0.675 0.605 0.6875 0.6 0.6975 0.598333 0.6925 0.623333 0.6925 0.64 0.7175 0.648333 0.7225 0.648333 0.7225 0.616667 0.715 0.581667 0.695 0.54 0.675 0.485 0.6625 0.448333 0.645 0.4 0.64 0.388333 0.65 0.383333 0.635 0.378333 0.635 0.363333 0.625 0.335 0.6275 0.33 0.6375 0.328333 0.64 0.33 0.65 0.36 0.6575 0.373333 0.66 0.376667 0.6625 0.391667 0.6875 0.458333 0.705 0.501667 0.7175 0.55 0.725 0.565 0.725 0.575 0.73 0.58 0.7275 0.616667 0.75 0.618333 0.775 0.621667 0.8025 0.621667 0.8125 0.615 0.805 0.583333 0.8 0.555 0.7975 0.543333 0.8 0.525 0.7925 0.521667 0.7975 0.515 0.7925 0.503333 0.785 0.488333 0.7875 0.47 0.785 0.46 0.78 0.448333 0.775 0.435 0.7675 0.416667 0.76 0.406667 0.76 0.395 0.75 0.381667 0.7425 0.363333 0.72 0.333333 0.7075 0.315 0.7025 0.305 0.695 0.3 0.685 0.296667 0.6725 0.295 0.66 0.291667 0.65 0.29 0.6375 0.291667 0.635 0.301667 0.64 0.303333 0.64 0.33 0.6375 0.328333 0.635 0.32 0.625 0.315 0.6225 0.305 0.6275 0.295 0.6175 0.293333 0.605 0.29 0.5925 0.276667 0.58 0.268333 0.5675 0.265 0.5525 0.263333 0.54 0.263333 0.535 0.27 0.545 0.275 0.5575 0.283333 0.57 0.288333 0.585 0.35 0.575 0.375 0.56 0.4
10 0.705 0.685 0.6875 0.686667 0.67 0.696667 0.645 0.696667 0.625 0.698333 0.6025 0.693333 0.585 0.69 0.56 0.691667 0.5275 0.693333 0.495 0.693333 0.4725 0.688333 0.4625 0.675 0.4375 0.665 0.45 0.65 0.46 0.615 0.4575 0.598333 0.4625 0.576667 0.4625 0.56 0.46 0.54 0.4625 0.526667 0.465 0.51 0.4775 0.496667 0.4825 0.485 0.49 0.476667 0.515 0.488333 0.525 0.49 0.5275 0.496667 0.5375 0.496667 0.5575 0.491667 0.5775 0.49 0.5975 0.513333 0.61 0.538333 0.63 0.56 0.655 0.585 0.67 0.6 0.6775 0.606667 0.705 0.585 0.705 0.605 0.69 0.628333 0.6825 0.638333 0.69 0.643333 0.705 0.65 0.7175 0.653333
8 0.5525 0.426667 0.5475 0.455 0.5625 0.466667 0.54 0.463333 0.5325 0.468333 0.5125 0.468333 0.495 0.468333 0.48 0.46 0.4725 0.443333 0.4525 0.425 0.46 0.396667 0.47 0.383333 0.4825 0.406667 0.505 0.42 0.5375 0.43
8 0.565 0.31 0.5775 0.331667 0.5675 0.29 0.5325 0.271667 0.5425 0.28 0.5575 0.29 0.565 0.31 0.49 0.335 0.4825 0.36 0.4625 0.39 0.4525 0.425 0.4725 0.445 0.4925 0.466667 0.485 0.478333 0.4825 0.491667 0.475 0.5 0.4625 0.516667 0.465 0.523333 0.4575 0.541667 0.46 0.555 0.465 0.561667 0.4575 0.603333 0.455 0.573333 0.4475 0.556667 0.4475 0.546667 0.43 0.493333 0.42 0.455 0.44 0.441667 0.4525 0.425 0.4625 0.39 0.47 0.363333 0.47 0.346667 0.4775 0.331667 0.49 0.335
8 0.5625 0.4 0.555 0.426667 0.5425 0.43 0.51 0.421667 0.4825 0.406667 0.47 0.383333 0.475 0.375 0.5 0.395 0.5175 0.403333 0.5325 0.405 0.5525 0.4
7 0.7225 0.708333 0.7125 0.743333 0.7075 0.773333 0.715 0.791667 0.7525 0.805 0.78 0.815 0.82 0.851667 0.8775 0.906667 0.915 0.931667 0.94 0.945 0.9325 0.961667 0.915 0.973333 0.8975 0.971667 0.885 0.973333 0.8675 0.968333 0.8525 0.965 0.845 0.953333 0.83 0.936667 0.78 0.91 0.7125 0.871667 0.655 0.836667 0.6225 0.818333 0.6025 0.793333 0.5975 0.741667 0.5975 0.693333 0.59 0.73 0.59 0.765 0.58 0.79 0.5675 0.813333 0.57 0.828333 0.565 0.851667 0.5525 0.878333 0.54 0.923333 0.5375 0.94 0.5275 0.985 0.52 0.991667 0.4975 0.995 0.4725 0.995 0.4775 0.931667 0.475 0.866667 0.48 0.828333 0.4875 0.798333 0.495 0.766667 0.48 0.715 0.475 0.686667 0.515 0.695 0.5525 0.693333 0.5825 0.691667 0.595 0.693333 0.65 0.698333 0.6975 0.685 0.71 0.701667
