3 0.4325 0.868333 0.3975 0.866667 0.385 0.866667 0.3825 0.883333 0.3525 0.91 0.3425 0.915 0.3225 0.921667 0.3025 0.923333 0.2925 0.925 0.2825 0.93 0.28 0.936667 0.2975 0.945 0.3275 0.951667 0.37 0.946667 0.3925 0.94 0.4275 0.935 0.455 0.931667 0.4575 0.926667 0.455 0.906667 0.4475 0.881667 0.4475 0.876667 0.44 0.87 0.44 0.866667
3 0.54 0.86 0.5475 0.873333 0.55 0.9 0.55 0.905 0.545 0.911667 0.5075 0.921667 0.5 0.926667 0.4975 0.931667 0.5025 0.936667 0.51 0.941667 0.5475 0.946667 0.585 0.941667 0.6025 0.933333 0.6225 0.908333 0.6475 0.886667 0.6625 0.873333 0.665 0.863333 0.6575 0.851667 0.645 0.843333 0.6075 0.838333 0.595 0.831667 0.5775 0.825 0.5725 0.833333 0.545 0.853333 0.535 0.855
7 0.285 0.546667 0.2975 0.593333 0.3075 0.616667 0.3025 0.671667 0.305 0.701667 0.3075 0.718333 0.3125 0.725 0.3225 0.735 0.3475 0.746667 0.3575 0.75 0.365 0.793333 0.3825 0.845 0.39 0.866667 0.3975 0.868333 0.44 0.868333 0.44 0.853333 0.445 0.823333 0.4375 0.801667 0.4475 0.805 0.485 0.828333 0.52 0.841667 0.5325 0.851667 0.5375 0.855 0.54 0.853333 0.55 0.851667 0.575 0.83 0.5725 0.82 0.525 0.78 0.4875 0.746667 0.44 0.72 0.4325 0.696667 0.4325 0.668333 0.43 0.638333 0.4375 0.61 0.4 0.616667 0.405 0.625 0.395 0.631667 0.395 0.643333 0.3675 0.648333 0.3675 0.633333 0.3675 0.593333 0.37 0.568333 0.3725 0.56 0.3325 0.556667 0.3125 0.553333 0.2925 0.548333
9 0.2975 0.438333 0.2925 0.486667 0.2875 0.493333 0.29 0.528333 0.2875 0.533333 0.2875 0.54 0.29 0.546667 0.315 0.553333 0.3325 0.556667 0.3725 0.56 0.38 0.501667 0.39 0.466667 0.395 0.456667 0.395 0.441667 0.3575 0.438333 0.3275 0.44 0.3025 0.44
6 0.34 0.441667 0.33 0.473333 0.325 0.498333 0.33 0.506667 0.34 0.505 0.3425 0.486667 0.3425 0.476667 0.3325 0.468333 0.3475 0.465 0.3575 0.45 0.3575 0.44 0.36 0.431667 0.3475 0.436667
1 0.2975 0.426667 0.36 0.43 0.4 0.431667 0.395 0.441667 0.3625 0.44 0.3575 0.43 0.3375 0.44 0.305 0.436667 0.2925 0.433333
8 0.4 0.245 0.3725 0.281667 0.3525 0.29 0.3225 0.325 0.315 0.33 0.315 0.336667 0.3075 0.353333 0.305 0.376667 0.3 0.391667 0.3075 0.4 0.2975 0.41 0.2975 0.416667 0.3025 0.423333 0.3125 0.428333 0.3525 0.43 0.3675 0.423333 0.385 0.426667 0.4 0.431667 0.405 0.386667 0.415 0.283333 0.4175 0.263333 0.42 0.255 0.41 0.24
8 0.39 0.231667 0.3925 0.218333 0.395 0.211667 0.38 0.226667 0.36 0.226667 0.3475 0.235 0.3375 0.241667 0.3475 0.226667 0.35 0.218333 0.3525 0.205 0.3575 0.188333 0.3325 0.178333 0.33 0.175 0.32 0.173333 0.29 0.195 0.285 0.205 0.285 0.215 0.2675 0.238333 0.2525 0.256667 0.2575 0.265 0.2575 0.275 0.2575 0.276667 0.2875 0.295 0.315 0.305 0.315 0.313333 0.3075 0.326667 0.31 0.33 0.32 0.33 0.3225 0.323333 0.355 0.286667 0.37 0.278333 0.3725 0.26 0.3825 0.245 0.39 0.231667 0.415 0.235 0.455 0.208333 0.4725 0.196667 0.4825 0.2 0.49 0.196667 0.49 0.201667 0.5025 0.21 0.5225 0.215 0.545 0.231667 0.56 0.251667 0.5675 0.273333 0.565 0.295 0.57 0.356667 0.57 0.366667 0.56 0.376667 0.5775 0.381667 0.5775 0.395 0.5825 0.41 0.5775 0.423333 0.57 0.445 0.5575 0.453333 0.5575 0.468333 0.5475 0.49 0.54 0.51 0.5275 0.53 0.49 0.523333 0.4675 0.52 0.4775 0.501667 0.48 0.486667 0.48 0.473333 0.48 0.463333 0.4825 0.443333 0.475 0.436667 0.4425 0.44 0.445 0.456667 0.4525 0.458333 0.4325 0.461667 0.4225 0.463333 0.42 0.505 0.4175 0.525 0.395 0.566667 0.41 0.583333 0.44 0.585 0.4475 0.596667 0.4575 0.601667 0.4925 0.596667 0.505 0.59 0.5175 0.59 0.5175 0.631667 0.5175 0.635 0.51 0.635 0.5075 0.651667 0.5075 0.656667 0.475 0.646667 0.4375 0.64 0.43 0.638333 0.44 0.608333 0.4 0.618333 0.4075 0.625 0.3925 0.631667 0.3975 0.643333 0.3675 0.65 0.3675 0.633333 0.37 0.591667 0.37 0.568333 0.37 0.56 0.3775 0.501667 0.3875 0.466667 0.395 0.458333 0.395 0.44 0.3975 0.431667 0.405 0.386667 0.415 0.281667 0.4175 0.255 0.415 0.235
11 0.36 0.0583333 0.345 0.0716667 0.34 0.0716667 0.3375 0.0783333 0.2825 0.0733333 0.2625 0.0783333 0.265 0.0816667 0.275 0.09 0.3075 0.113333 0.315 0.116667 0.3175 0.106667 0.3375 0.0883333 0.3625 0.0866667 0.425 0.0966667 0.4775 0.111667 0.4825 0.12 0.4875 0.138333 0.4825 0.145 0.5175 0.145 0.5475 0.141667 0.5475 0.131667 0.5375 0.121667 0.5025 0.105 0.5 0.0966667 0.4825 0.0933333 0.4725 0.07 0.46 0.0583333 0.445 0.0516667 0.41 0.045 0.3875 0.0466667 0.3725 0.0516667
0 0.515 0.545 0.54 0.511667 0.5475 0.488333 0.56 0.465 0.58 0.466667 0.5725 0.455 0.5725 0.441667 0.5775 0.426667 0.58 0.425 0.5875 0.458333 0.5875 0.465 0.5875 0.475 0.595 0.481667 0.595 0.506667 0.595 0.546667 0.5875 0.578333 0.5725 0.581667 0.545 0.586667 0.5075 0.586667 0.5175 0.571667 0.515 0.545 0.4675 0.531667 0.4525 0.551667 0.45 0.563333 0.4475 0.586667 0.4325 0.585 0.4075 0.583333 0.395 0.566667 0.4175 0.523333 0.4225 0.505 0.4225 0.465 0.435 0.46 0.45 0.458333 0.4475 0.458333 0.4425 0.441667 0.47 0.436667 0.4775 0.436667 0.4825 0.443333 0.4775 0.445 0.4625 0.45 0.47 0.455 0.475 0.458333 0.48 0.461667 0.4775 0.5 0.4675 0.515 0.4675 0.52 0.4675 0.528333 0.4675 0.531667
