1 0.3825 0.49 0.4275 0.488333 0.445 0.486667 0.465 0.491667 0.4575 0.493333 0.415 0.498333 0.3925 0.498333 0.3875 0.493333
10 0.3825 0.49 0.375 0.496667 0.3675 0.548333 0.365 0.568333 0.3625 0.608333 0.3525 0.608333 0.3475 0.578333 0.335 0.58 0.3175 0.56 0.3175 0.551667 0.31 0.548333 0.2975 0.575 0.285 0.595 0.2875 0.623333 0.28 0.638333 0.285 0.646667 0.31 0.648333 0.32 0.646667 0.3325 0.653333 0.355 0.671667 0.3925 0.675 0.4225 0.668333 0.43 0.661667 0.4525 0.668333 0.48 0.668333 0.54 0.658333 0.5825 0.643333 0.58 0.625 0.5725 0.596667 0.56 0.565 0.555 0.55 0.5475 0.553333 0.5275 0.573333 0.5125 0.583333 0.5025 0.578333 0.515 0.555 0.515 0.528333 0.5125 0.5 0.5125 0.486667 0.505 0.49 0.465 0.49 0.4575 0.493333 0.415 0.5 0.3925 0.498333 0.3825 0.49 0.3825 0.488333 0.43 0.488333 0.44 0.486667 0.4 0.478333 0.39 0.475 0.385 0.471667 0.3825 0.488333
7 0.46 0.888333 0.455 0.858333 0.44 0.831667 0.44 0.798333 0.43 0.745 0.4275 0.723333 0.4325 0.711667 0.4325 0.688333 0.43 0.673333 0.4275 0.661667 0.4225 0.668333 0.3925 0.675 0.355 0.67 0.33 0.651667 0.3325 0.658333 0.3525 0.696667 0.365 0.725 0.3575 0.751667 0.375 0.79 0.4 0.831667 0.4125 0.845 0.4175 0.858333 0.4175 0.875 0.4125 0.901667 0.4125 0.905 0.445 0.905 0.46 0.903333 0.46 0.888333 0.465 0.885 0.47 0.901667 0.49 0.901667 0.5125 0.901667 0.515 0.898333 0.5075 0.873333 0.505 0.86 0.51 0.838333 0.5225 0.801667 0.535 0.761667 0.535 0.728333 0.525 0.715 0.53 0.678333 0.5325 0.66 0.48 0.67 0.4525 0.668333 0.4425 0.666667 0.45 0.686667 0.4575 0.716667 0.4625 0.728333 0.4625 0.75 0.4675 0.801667 0.4725 0.846667 0.47 0.856667 0.465 0.885
3 0.4125 0.908333 0.4125 0.925 0.4275 0.94 0.4525 0.94 0.4575 0.933333 0.465 0.925 0.465 0.913333 0.465 0.905 0.46 0.903333 0.4425 0.905 0.41 0.905
3 0.4625 0.886667 0.4625 0.903333 0.47 0.926667 0.485 0.928333 0.5 0.928333 0.515 0.923333 0.5225 0.916667 0.5225 0.896667 0.515 0.878333 0.51 0.861667 0.5075 0.873333 0.515 0.898333 0.5125 0.901667 0.4725 0.901667 0.465 0.883333
0 0.245 0.456667 0.225 0.471667 0.2175 0.483333 0.2125 0.488333 0.215 0.505 0.2275 0.513333 0.215 0.533333 0.2125 0.538333 0.2175 0.538333 0.22 0.538333 0.22 0.531667 0.225 0.518333 0.23 0.523333 0.2425 0.54 0.255 0.543333 0.2875 0.551667 0.2925 0.553333 0.3075 0.546667 0.3125 0.55 0.32 0.551667 0.33 0.545 0.3325 0.526667 0.3575 0.49 0.355 0.471667 0.3775 0.436667 0.3675 0.438333 0.3475 0.446667 0.3125 0.455 0.2975 0.458333 0.2675 0.453333 0.2575 0.453333
4 0.405 0.348333 0.4025 0.331667 0.405 0.321667 0.3975 0.32 0.3425 0.323333 0.3075 0.348333 0.305 0.353333 0.3 0.358333 0.2775 0.39 0.2625 0.411667 0.25 0.428333 0.245 0.441667 0.245 0.445 0.2475 0.455 0.27 0.453333 0.2975 0.458333 0.31 0.455 0.3075 0.45 0.3 0.453333 0.2975 0.436667 0.2875 0.418333 0.3325 0.406667 0.3375 0.41 0.35 0.408333 0.375 0.4 0.3925 0.396667 0.3925 0.39 0.3925 0.368333 0.405 0.348333 0.5575 0.36 0.5725 0.358333 0.5875 0.373333 0.5825 0.401667 0.575 0.428333 0.5675 0.465 0.57 0.475 0.57 0.486667 0.5775 0.515 0.5775 0.533333 0.575 0.536667 0.565 0.535 0.565 0.548333 0.555 0.548333 0.5475 0.545 0.5375 0.533333 0.5275 0.521667 0.54 0.49 0.555 0.453333 0.56 0.426667 0.5475 0.391667 0.56 0.366667 0.5575 0.36
11 0.57 0.28 0.5075 0.301667 0.5 0.311667 0.4775 0.31 0.465 0.313333 0.4525 0.308333 0.4525 0.305 0.4625 0.301667 0.45 0.296667 0.45 0.288333 0.455 0.278333 0.4675 0.27 0.4675 0.263333 0.46 0.258333 0.45 0.246667 0.45 0.238333 0.46 0.226667 0.4825 0.22 0.5 0.215 0.525 0.225 0.57 0.248333 0.59 0.258333 0.5975 0.27 0.605 0.273333 0.6125 0.285 0.605 0.278333 0.5825 0.278333 0.575 0.278333
8 0.4825 0.361667 0.4775 0.405 0.45 0.4 0.4275 0.398333 0.425 0.406667 0.41 0.416667 0.4025 0.426667 0.39 0.451667 0.385 0.471667 0.4 0.478333 0.4475 0.486667 0.4675 0.49 0.5025 0.49 0.5125 0.485 0.5175 0.475 0.5175 0.431667 0.5225 0.406667 0.5025 0.393333 0.505 0.358333 0.4975 0.356667 0.485 0.358333
8 0.3775 0.431667 0.3775 0.44 0.355 0.475 0.355 0.493333 0.3325 0.526667 0.3275 0.546667 0.315 0.55 0.3175 0.551667 0.3175 0.56 0.335 0.58 0.35 0.578333 0.3525 0.608333 0.3625 0.608333 0.3675 0.55 0.375 0.496667 0.3825 0.49 0.385 0.471667 0.39 0.451667 0.4025 0.425 0.405 0.421667 0.395 0.425 0.3775 0.431667 0.325 0.431667 0.3275 0.415 0.33 0.408333 0.52 0.405 0.5375 0.403333 0.545 0.396667 0.5475 0.403333 0.56 0.428333 0.5525 0.455 0.54 0.49 0.53 0.52 0.535 0.533333 0.5475 0.545 0.56 0.55 0.545 0.555 0.5325 0.563333 0.5225 0.576667 0.5125 0.583333 0.4975 0.576667 0.5175 0.555 0.5125 0.526667 0.5125 0.498333 0.5125 0.481667 0.5175 0.475 0.5175 0.43 0.52 0.405 0.33 0.408333 0.315 0.411667 0.29 0.418333 0.2975 0.438333 0.3025 0.451667 0.3175 0.448333 0.325 0.431667
