2 0.595 0.813333 0.595 0.821667 0.58 0.835 0.5675 0.838333 0.5525 0.838333 0.5475 0.82 0.54 0.831667 0.54 0.838333 0.545 0.855 0.5525 0.861667 0.55 0.876667 0.5425 0.895 0.54 0.916667 0.5475 0.928333 0.5625 0.931667 0.5825 0.928333 0.6 0.916667 0.6025 0.901667 0.6075 0.87 0.615 0.846667 0.615 0.83 0.6175 0.82 0.6075 0.81
2 0.595 0.813333 0.595 0.821667 0.58 0.835 0.5675 0.838333 0.5525 0.838333 0.5475 0.82 0.54 0.831667 0.54 0.838333 0.545 0.855 0.5525 0.861667 0.55 0.876667 0.5425 0.895 0.54 0.916667 0.5475 0.928333 0.5625 0.931667 0.5825 0.928333 0.6 0.916667 0.6025 0.901667 0.6075 0.87 0.615 0.846667 0.615 0.83 0.6175 0.82 0.6075 0.81
1 0.49 0.448333 0.4975 0.438333 0.4875 0.436667 0.48 0.435 0.475 0.441667 0.4775 0.446667 0.465 0.451667 0.46 0.46 0.46 0.476667 0.465 0.486667 0.475 0.481667 0.4675 0.468333 0.4725 0.456667 0.4775 0.453333 0.49 0.448333 0.5025 0.451667 0.515 0.455 0.5425 0.458333 0.5725 0.461667 0.575 0.453333 0.59 0.453333 0.5825 0.461667 0.5725 0.461667 0.5425 0.458333 0.5375 0.446667 0.515 0.445 0.5025 0.451667
9 0.5025 0.438333 0.5125 0.441667 0.5125 0.446667 0.5025 0.453333 0.54 0.46 0.5375 0.476667 0.54 0.48 0.5575 0.48 0.5725 0.48 0.585 0.49 0.59 0.495 0.5975 0.5 0.6 0.533333 0.6225 0.533333 0.6525 0.531667 0.6825 0.531667 0.69 0.533333 0.6875 0.56 0.7025 0.565 0.71 0.565 0.7075 0.571667 0.705 0.581667 0.7075 0.6 0.6725 0.603333 0.635 0.601667 0.595 0.598333 0.57 0.588333 0.5675 0.583333 0.54 0.583333 0.505 0.583333 0.4725 0.581667 0.4525 0.578333 0.4475 0.568333 0.45 0.56 0.4575 0.531667 0.46 0.506667 0.465 0.486667 0.475 0.481667 0.4675 0.466667 0.4725 0.455 0.4775 0.453333 0.49 0.448333 0.4975 0.438333
12 0.5125 0.236667 0.5325 0.245 0.535 0.255 0.5475 0.265 0.565 0.261667 0.58 0.256667 0.58 0.245 0.585 0.235 0.6 0.225 0.61 0.226667 0.63 0.231667 0.62 0.24 0.6025 0.253333 0.5775 0.273333 0.5725 0.28 0.57 0.288333 0.575 0.295 0.5725 0.335 0.5725 0.395 0.575 0.453333 0.5725 0.461667 0.5725 0.48 0.5375 0.48 0.5375 0.475 0.5425 0.458333 0.5375 0.445 0.5325 0.38 0.5325 0.34 0.5325 0.323333 0.5375 0.313333 0.5475 0.295 0.55 0.28 0.535 0.266667 0.52 0.251667 0.5125 0.245
8 0.5675 0.261667 0.58 0.256667 0.58 0.245 0.57 0.256667 0.5625 0.258333 0.5625 0.251667 0.55 0.245 0.5275 0.226667 0.525 0.226667 0.5275 0.213333 0.5275 0.198333 0.5075 0.213333 0.5 0.216667 0.5075 0.228333 0.4975 0.241667 0.49 0.253333 0.485 0.268333 0.4975 0.278333 0.505 0.285 0.515 0.295 0.4975 0.31 0.4925 0.316667 0.4925 0.321667 0.4975 0.345 0.505 0.358333 0.5175 0.368333 0.515 0.37 0.5 0.363333 0.4975 0.371667 0.485 0.36 0.48 0.353333 0.475 0.346667 0.475 0.338333 0.47 0.335 0.46 0.348333 0.445 0.353333 0.435 0.353333 0.4125 0.341667 0.4125 0.351667 0.4225 0.371667 0.415 0.378333 0.4175 0.388333 0.4225 0.403333 0.445 0.41 0.46 0.423333 0.48 0.423333 0.4775 0.43 0.4775 0.433333 0.4875 0.436667 0.4975 0.438333 0.5025 0.438333 0.5125 0.441667 0.515 0.443333 0.535 0.446667 0.5325 0.38 0.5325 0.323333 0.5475 0.295 0.55 0.28 0.52 0.251667 0.515 0.245 0.51 0.243333 0.5125 0.236667 0.5325 0.245 0.535 0.255 0.5475 0.263333 0.5675 0.261667 0.57 0.286667 0.575 0.293333 0.57 0.333333 0.575 0.45 0.595 0.45 0.6075 0.448333 0.625 0.443333 0.64 0.433333 0.6425 0.42 0.6625 0.41 0.68 0.41 0.6925 0.405 0.695 0.383333 0.69 0.318333 0.7075 0.388333 0.7075 0.325 0.705 0.266667 0.695 0.223333 0.6925 0.205 0.7075 0.203333 0.7325 0.215 0.7475 0.22 0.7475 0.223333 0.7525 0.236667 0.7725 0.26 0.7675 0.273333 0.775 0.291667 0.7825 0.313333 0.78 0.321667 0.7875 0.335 0.7825 0.343333 0.7975 0.356667 0.775 0.398333 0.7625 0.386667 0.7475 0.378333 0.7275 0.376667 0.7075 0.388333 0.69 0.318333 0.685 0.263333 0.6775 0.203333 0.655 0.2 0.6275 0.183333 0.6125 0.206667 0.5975 0.223333 0.63 0.231667 0.605 0.253333 0.5775 0.273333 0.57 0.286667
0 0.74 0.42 0.755 0.418333 0.7575 0.408333 0.77 0.408333 0.7825 0.425 0.7875 0.445 0.7675 0.43 0.74 0.425 0.74 0.42 0.6925 0.405 0.695 0.381667 0.69 0.318333 0.685 0.261667 0.6775 0.201667 0.6775 0.203333 0.69 0.203333 0.6925 0.205 0.705 0.266667 0.7075 0.39 0.6925 0.405
12 0.7275 0.646667 0.7625 0.646667 0.8 0.645 0.8275 0.643333 0.83 0.621667 0.815 0.563333 0.7975 0.488333 0.79 0.455 0.7875 0.443333 0.7675 0.428333 0.735 0.423333 0.73 0.445 0.7275 0.466667 0.72 0.48 0.705 0.49 0.6975 0.486667 0.6875 0.49 0.6775 0.486667 0.66 0.485 0.6575 0.48 0.6675 0.456667 0.6725 0.443333 0.655 0.461667 0.645 0.458333 0.6525 0.45 0.66 0.43 0.6825 0.411667 0.665 0.41 0.6425 0.42 0.64 0.433333 0.6225 0.445 0.59 0.455 0.5825 0.461667 0.575 0.47 0.5725 0.48 0.585 0.49 0.595 0.5 0.6 0.535 0.6525 0.531667 0.685 0.531667 0.69 0.533333 0.6875 0.558333 0.7025 0.565 0.7075 0.565 0.705 0.575 0.7075 0.588333 0.7075 0.6 0.715 0.618333 0.7175 0.645
6 0.59 0.0983333 0.565 0.0933333 0.545 0.1 0.5375 0.11 0.5375 0.125 0.55 0.133333 0.57 0.131667 0.59 0.13 0.5975 0.11 0.6075 0.11 0.6075 0.121667 0.6225 0.133333 0.6425 0.138333 0.6525 0.131667 0.6575 0.121667 0.6575 0.106667 0.65 0.1 0.6225 0.095 0.6075 0.101667
2 0.635 0.851667 0.625 0.858333 0.6275 0.883333 0.63 0.903333 0.6275 0.916667 0.615 0.94 0.61 0.953333 0.615 0.965 0.6225 0.971667 0.645 0.97 0.6675 0.963333 0.6825 0.953333 0.6925 0.943333 0.695 0.925 0.7025 0.895 0.7075 0.876667 0.7025 0.863333 0.7 0.855 0.685 0.853333 0.6775 0.863333 0.6575 0.87 0.6425 0.873333 0.6375 0.865 0.635 0.851667 0.635 0.851667 0.625 0.858333 0.6275 0.883333 0.63 0.903333 0.6275 0.916667 0.615 0.94 0.61 0.953333 0.615 0.965 0.6225 0.971667 0.645 0.97 0.6675 0.963333 0.6825 0.953333 0.6925 0.943333 0.695 0.925 0.7025 0.895 0.7075 0.876667 0.7025 0.863333 0.7 0.855 0.685 0.853333 0.6775 0.863333 0.6575 0.87 0.6425 0.873333 0.6375 0.865 0.635 0.851667
