1 0.545 0.553333 0.5275 0.551667 0.5 0.545 0.46 0.536667 0.4675 0.536667 0.5 0.538333 0.52 0.538333 0.535 0.54 0.5475 0.54
3 0.5625 0.811667 0.5675 0.816667 0.575 0.821667 0.57 0.826667 0.5625 0.825 0.555 0.841667 0.5525 0.843333 0.555 0.85 0.5625 0.885 0.5475 0.908333 0.5375 0.916667 0.5125 0.915 0.5 0.895 0.5025 0.868333 0.505 0.841667 0.505 0.826667 0.49 0.826667 0.48 0.823333 0.48 0.82 0.4975 0.82 0.5025 0.81 0.505 0.8 0.5125 0.795 0.515 0.803333 0.52 0.813333 0.5325 0.813333
3 0.3725 0.81 0.375 0.821667 0.3725 0.828333 0.38 0.833333 0.3775 0.838333 0.37 0.835 0.36 0.836667 0.3525 0.848333 0.355 0.87 0.335 0.9 0.3225 0.918333 0.3 0.921667 0.2875 0.918333 0.28 0.9 0.28 0.88 0.2975 0.855 0.305 0.83 0.305 0.82 0.305 0.815 0.305 0.81 0.295 0.81 0.295 0.806667 0.3075 0.806667 0.3125 0.805 0.3175 0.795 0.31 0.818333 0.3125 0.823333 0.33 0.823333 0.3375 0.823333 0.3525 0.82 0.355 0.818333
7 0.6225 0.571667 0.6175 0.613333 0.6175 0.628333 0.6275 0.628333 0.6125 0.66 0.605 0.683333 0.5975 0.738333 0.5875 0.768333 0.5775 0.795 0.5725 0.806667 0.5475 0.811667 0.52 0.81 0.515 0.785 0.525 0.735 0.525 0.698333 0.52 0.661667 0.5125 0.63 0.505 0.598333 0.495 0.603333 0.475 0.641667 0.4525 0.675 0.445 0.7 0.42 0.725 0.4075 0.741667 0.395 0.766667 0.38 0.791667 0.37 0.808333 0.3575 0.815 0.33 0.82 0.3125 0.815 0.315 0.791667 0.3275 0.735 0.35 0.693333 0.36 0.66 0.365 0.616667 0.3725 0.62 0.38 0.595 0.3875 0.563333 0.4075 0.568333 0.4075 0.59 0.4075 0.62 0.4025 0.655 0.4175 0.673333 0.4425 0.661667 0.455 0.636667 0.4575 0.611667 0.445 0.595 0.445 0.571667 0.4625 0.578333 0.465 0.566667 0.4575 0.551667 0.46 0.536667 0.505 0.55 0.545 0.55 0.5475 0.58 0.5625 0.588333 0.5925 0.588333 0.5975 0.578333 0.6075 0.561667 0.625 0.561667
12 0.5925 0.318333 0.595 0.416667 0.6025 0.503333 0.6 0.52 0.6 0.538333 0.6025 0.573333 0.595 0.586667 0.585 0.591667 0.5625 0.586667 0.5475 0.583333 0.55 0.531667 0.56 0.513333 0.55 0.501667 0.555 0.455 0.5625 0.368333 0.5675 0.323333 0.54 0.326667 0.52 0.333333 0.505 0.328333 0.4675 0.31 0.4625 0.306667 0.46 0.306667 0.4625 0.345 0.45 0.378333 0.445 0.45 0.4475 0.523333 0.45 0.59 0.455 0.618333 0.455 0.63 0.4475 0.656667 0.44 0.668333 0.425 0.671667 0.41 0.668333 0.41 0.615 0.4075 0.531667 0.415 0.503333 0.4175 0.465 0.42 0.403333 0.4275 0.311667 0.43 0.288333 0.435 0.28 0.445 0.27 0.4625 0.258333 0.4775 0.26 0.495 0.285 0.505 0.298333 0.5225 0.298333 0.55 0.278333 0.5575 0.281667 0.58 0.275 0.59 0.261667 0.6 0.251667 0.6075 0.266667 0.62 0.278333 0.6175 0.29 0.6125 0.3 0.6 0.31
4 0.605 0.565 0.595 0.528333 0.6025 0.458333 0.6 0.44 0.5975 0.388333 0.5925 0.348333 0.59 0.313333 0.605 0.305 0.6125 0.296667 0.615 0.286667 0.615 0.275 0.63 0.281667 0.6375 0.276667 0.6425 0.283333 0.64 0.29 0.6275 0.318333 0.635 0.498333 0.63 0.475 0.625 0.448333 0.625 0.346667 0.625 0.328333 0.6175 0.401667 0.6125 0.461667 0.61 0.508333 0.63 0.526667 0.635 0.558333 0.615 0.56 0.605 0.565 0.6225 0.611667 0.645 0.615 0.3725 0.583333 0.3675 0.585 0.3875 0.48 0.38 0.441667 0.38 0.386667 0.38 0.35 0.395 0.315 0.39 0.305 0.3875 0.293333 0.375 0.288333 0.385 0.278333 0.395 0.276667 0.4025 0.278333 0.4125 0.276667 0.44 0.266667 0.43 0.281667 0.425 0.295 0.425 0.293333 0.42 0.386667 0.41 0.431667 0.405 0.353333 0.405 0.32 0.3975 0.32 0.3925 0.33 0.385 0.361667 0.3825 0.415 0.3875 0.48 0.3675 0.585 0.34 0.583333 0.33 0.58 0.33 0.596667 0.3425 0.605 0.3625 0.605 0.38 0.603333 0.38 0.583333 0.3725 0.583333 0.645 0.615 0.67 0.616667 0.6825 0.611667 0.68 0.6 0.6725 0.598333 0.655 0.6 0.6425 0.6 0.62 0.596667 0.6175 0.603333 0.6225 0.611667
4 0.62 0.416667 0.6225 0.355 0.625 0.321667 0.625 0.385 0.6225 0.46 0.635 0.5 0.6425 0.5 0.63 0.45 0.6325 0.38 0.635 0.326667 0.6325 0.303333 0.6425 0.288333 0.645 0.285 0.6525 0.293333 0.665 0.301667 0.66 0.306667 0.67 0.345 0.6775 0.431667 0.685 0.52 0.6825 0.566667 0.685 0.596667 0.645 0.6 0.6275 0.596667 0.625 0.588333 0.635 0.551667 0.6275 0.523333 0.615 0.493333 0.62 0.416667 0.4125 0.411667 0.4075 0.505 0.4 0.536667 0.3875 0.541667 0.3825 0.555 0.375 0.581667 0.3425 0.581667 0.3325 0.58 0.3375 0.545 0.34 0.495 0.355 0.413333 0.3575 0.345 0.36 0.32 0.35 0.316667 0.36 0.306667 0.36 0.3 0.36 0.29 0.3725 0.293333 0.385 0.295 0.3925 0.316667 0.3775 0.361667 0.3775 0.441667 0.3875 0.491667 0.3925 0.435 0.3825 0.413333 0.3875 0.375 0.3825 0.351667 0.395 0.333333 0.4 0.321667 0.4125 0.411667
12 0.4775 0.331667 0.51 0.333333 0.55 0.325 0.5425 0.423333 0.5425 0.45 0.5325 0.451667 0.535 0.513333 0.5125 0.511667 0.4925 0.506667 0.48 0.495 0.4825 0.398333 0.4825 0.375 0.4825 0.345 0.4775 0.331667 0.4825 0.336667 0.4575 0.326667 0.4625 0.305 0.4875 0.321667 0.4825 0.336667
8 0.56 0.323333 0.5575 0.46 0.555 0.508333 0.5575 0.526667 0.5425 0.535 0.515 0.536667 0.485 0.536667 0.4575 0.531667 0.4475 0.515 0.4525 0.405 0.46 0.336667 0.4825 0.343333 0.48 0.413333 0.4725 0.495 0.4925 0.5 0.495 0.505 0.5275 0.513333 0.5425 0.508333 0.53 0.476667 0.5325 0.448333 0.55 0.443333 0.545 0.415 0.555 0.36 0.5475 0.331667
11 0.5975 0.226667 0.605 0.216667 0.605 0.196667 0.6 0.183333 0.59 0.166667 0.575 0.155 0.56 0.145 0.5225 0.138333 0.4925 0.141667 0.47 0.16 0.4525 0.175 0.4525 0.191667 0.445 0.201667 0.4475 0.216667 0.45 0.231667 0.46 0.23 0.465 0.213333 0.4775 0.198333 0.49 0.191667 0.51 0.181667 0.5675 0.181667 0.5775 0.191667 0.585 0.196667 0.595 0.205
