0 0.6 0.426667 0.6125 0.48 0.65 0.486667 0.64 0.52 0.66 0.516667 0.6625 0.48 0.705 0.468333 0.715 0.46 0.71 0.436667 0.6975 0.405 0.66 0.37 0.645 0.39 0.64 0.406667
8 0.5575 0.321667 0.605 0.306667 0.6 0.298333 0.5575 0.295 0.5475 0.308333 0.5575 0.321667 0.5325 0.323333 0.505 0.29 0.49 0.29 0.4725 0.275 0.5 0.253333 0.5175 0.228333 0.53 0.203333 0.5075 0.21 0.475 0.235 0.4625 0.226667 0.4525 0.191667 0.4375 0.191667 0.45 0.235 0.4475 0.253333 0.4625 0.273333 0.4725 0.275 0.49 0.29 0.46 0.3 0.4475 0.298333 0.43 0.28 0.395 0.315 0.37 0.348333 0.355 0.373333 0.3475 0.405 0.3375 0.425 0.355 0.425 0.3975 0.436667 0.4625 0.436667 0.5225 0.43 0.5225 0.405 0.5375 0.376667 0.5425 0.351667 0.52 0.331667 0.5325 0.323333
8 0.44 0.44 0.4575 0.436667 0.52 0.428333 0.53 0.436667 0.565 0.491667 0.525 0.5 0.4725 0.495 0.4525 0.48 0.44 0.456667 0.44 0.44 0.425 0.441667 0.425 0.473333 0.4075 0.488333 0.365 0.488333 0.3175 0.475 0.3325 0.425 0.355 0.425 0.3925 0.436667 0.4225 0.44 0.425 0.441667
4 0.5525 0.258333 0.525 0.265 0.505 0.266667 0.5075 0.29 0.5325 0.325 0.5175 0.333333 0.545 0.351667 0.5325 0.373333 0.5225 0.406667 0.5225 0.428333 0.53 0.438333 0.5675 0.491667 0.595 0.568333 0.585 0.586667 0.5825 0.611667 0.595 0.618333 0.59 0.683333 0.605 0.663333 0.615 0.638333 0.6175 0.601667 0.6525 0.61 0.6475 0.598333 0.6225 0.573333 0.6225 0.511667 0.6075 0.48 0.6025 0.423333 0.64 0.403333 0.6475 0.386667 0.65 0.358333 0.6425 0.333333 0.655 0.311667 0.65 0.281667 0.645 0.251667 0.635 0.235 0.6125 0.231667 0.595 0.256667 0.58 0.271667 0.595 0.295 0.605 0.306667 0.56 0.321667 0.545 0.31 0.56 0.291667 0.5575 0.281667
4 0.4625 0.603333 0.4325 0.606667 0.4625 0.573333
4 0.4225 0.188333 0.4 0.171667 0.3825 0.166667 0.3675 0.126667 0.395 0.113333 0.4325 0.103333 0.4625 0.0783333 0.4525 0.0566667 0.42 0.0333333 0.3775 0.0616667 0.3425 0.075 0.2975 0.0883333 0.28 0.128333 0.2925 0.176667 0.3325 0.24 0.3375 0.253333 0.3 0.35 0.2625 0.441667 0.205 0.546667 0.275 0.608333 0.2875 0.585 0.315 0.588333 0.3475 0.49 0.35 0.483333 0.3125 0.471667 0.3225 0.471667 0.335 0.425 0.3525 0.4 0.3575 0.371667 0.37 0.343333 0.4 0.311667 0.43 0.28 0.4425 0.256667 0.45 0.235 0.44 0.191667
6 0.4925 0.135 0.5175 0.131667 0.5375 0.131667 0.555 0.135 0.555 0.155 0.5375 0.163333 0.5125 0.166667 0.505 0.16 0.495 0.146667 0.49 0.148333 0.48 0.163333 0.4575 0.163333 0.4425 0.16 0.43 0.148333 0.4275 0.135 0.43 0.125 0.4525 0.13 0.475 0.13
7 0.4275 0.451667 0.4375 0.453333 0.44 0.456667 0.45 0.478333 0.47 0.496667 0.5225 0.5 0.5675 0.491667 0.595 0.568333 0.585 0.588333 0.5825 0.613333 0.5575 0.738333 0.53 0.875 0.5225 0.931667 0.495 0.94 0.45 0.938333 0.405 0.93 0.415 0.858333 0.435 0.816667 0.4525 0.76 0.4675 0.713333 0.4575 0.601667 0.4325 0.606667 0.4075 0.658333 0.395 0.696667 0.385 0.723333 0.3775 0.768333 0.375 0.823333 0.36 0.88 0.3525 0.906667 0.32 0.906667 0.3 0.9 0.295 0.868333 0.2925 0.838333 0.2825 0.81 0.28 0.703333 0.2975 0.69 0.3 0.675 0.3025 0.645 0.3125 0.59 0.35 0.486667 0.37 0.488333 0.4125 0.488333 0.42 0.475 0.43 0.45
3 0.3625 0.885 0.37 0.905 0.3675 0.928333 0.3475 0.936667 0.33 0.94 0.315 0.935 0.3025 0.918333 0.3 0.898333 0.3175 0.905 0.3525 0.906667 0.3575 0.886667
3 0.4 0.931667 0.38 0.953333 0.3775 0.97 0.3925 0.978333 0.415 0.971667 0.445 0.963333 0.4675 0.955 0.495 0.938333 0.455 0.938333 0.4025 0.93
