11 0.37 0.148333 0.3975 0.148333 0.4325 0.136667 0.4425 0.113333 0.4875 0.0983333 0.5275 0.1 0.575 0.118333 0.58 0.146667 0.575 0.176667 0.6025 0.201667 0.6025 0.216667 0.5675 0.226667 0.5625 0.176667 0.4925 0.168333 0.46 0.153333 0.425 0.141667 0.42 0.166667 0.41 0.188333 0.37 0.158333 0.3625 0.153333
8 0.335 0.475 0.3575 0.365 0.37 0.365 0.385 0.403333 0.4025 0.36 0.435 0.305 0.4625 0.263333 0.5025 0.251667 0.545 0.238333 0.575 0.278333 0.58 0.36 0.5675 0.403333 0.52 0.36 0.4925 0.358333 0.4875 0.37 0.495 0.403333 0.495 0.426667 0.4775 0.44 0.4225 0.465 0.375 0.483333 0.35 0.495
8 0.4075 0.508333 0.485 0.486667 0.5475 0.461667 0.555 0.475 0.5725 0.495 0.5775 0.538333 0.5825 0.57 0.5675 0.578333 0.54 0.58 0.525 0.6 0.505 0.596667 0.495 0.581667 0.475 0.543333 0.43 0.523333 0.3975 0.515
9 0.36 0.62 0.4025 0.625 0.45 0.626667 0.48 0.625 0.5125 0.615 0.52 0.6 0.5025 0.596667 0.495 0.58 0.4775 0.543333 0.4275 0.523333 0.39 0.515 0.3875 0.535 0.3625 0.545 0.345 0.536667 0.345 0.555
9 0.5625 0.591667 0.5675 0.578333 0.5375 0.58 0.53 0.595
0 0.2925 0.453333 0.2575 0.451667 0.245 0.473333 0.2275 0.523333 0.2225 0.531667 0.2325 0.541667 0.25 0.545 0.29 0.551667 0.29 0.501667
7 0.425 0.745 0.395 0.691667 0.37 0.655 0.36 0.616667 0.395 0.625 0.4575 0.625 0.4775 0.628333 0.5125 0.616667 0.525 0.596667 0.5625 0.593333 0.565 0.606667 0.58 0.665 0.5775 0.69 0.5875 0.718333 0.625 0.786667 0.625 0.821667 0.6275 0.891667 0.6375 0.925 0.6175 0.945 0.545 0.961667 0.5125 0.96 0.5025 0.948333 0.5175 0.938333 0.5375 0.933333 0.5625 0.91 0.5625 0.86 0.535 0.796667 0.5225 0.758333 0.5025 0.735 0.53 0.8 0.525 0.83 0.5175 0.886667 0.5225 0.905 0.485 0.916667 0.4 0.938333 0.3825 0.92 0.45 0.9 0.4575 0.873333 0.445 0.83 0.435 0.771667
3 0.3725 0.92 0.345 0.928333 0.3325 0.943333 0.3575 0.948333 0.415 0.951667 0.465 0.945 0.5175 0.938333 0.5375 0.921667 0.5225 0.906667 0.485 0.916667 0.4 0.941667 0.38 0.928333
3 0.3725 0.92 0.345 0.928333 0.3325 0.943333 0.3575 0.948333 0.415 0.951667 0.465 0.945 0.5175 0.938333 0.5375 0.921667 0.5225 0.906667 0.485 0.916667 0.4 0.941667 0.38 0.928333
4 0.36 0.62 0.375 0.66 0.395 0.696667 0.3575 0.706667 0.3225 0.718333 0.305 0.671667 0.3 0.65 0.295 0.616667 0.29 0.571667 0.29 0.55 0.29 0.498333 0.295 0.44 0.3325 0.42 0.345 0.413333 0.335 0.475 0.35 0.495 0.34 0.511667 0.3425 0.526667 0.3425 0.536667 0.3425 0.555 0.36 0.62 0.5625 0.59 0.5675 0.6 0.6 0.59 0.59 0.558333 0.58 0.543333 0.5825 0.57 0.5675 0.576667 0.5625 0.59
3 0.5075 0.941667 0.4475 0.965 0.455 0.98 0.5075 0.983333 0.5775 0.966667 0.6325 0.96 0.6525 0.943333 0.635 0.925 0.615 0.94 0.545 0.961667 0.5075 0.965 0.4925 0.951667 0.5075 0.941667 0.5075 0.941667 0.4475 0.965 0.455 0.98 0.5075 0.983333 0.5775 0.966667 0.6325 0.96 0.6525 0.943333 0.635 0.925 0.615 0.94 0.545 0.961667 0.5075 0.965 0.4925 0.951667 0.5075 0.941667
