4 0.5525 0.181667 0.53 0.286667 0.5275 0.368333 0.5425 0.43 0.565 0.43 0.5925 0.42 0.6225 0.405 0.6375 0.435 0.67 0.4 0.6825 0.31 0.6725 0.256667 0.6525 0.213333 0.5925 0.203333
4 0.6125 0.448333 0.64 0.548333 0.5775 0.556667 0.545 0.548333 0.5575 0.508333 0.56 0.465
4 0.455 0.188333 0.445 0.266667 0.425 0.383333 0.41 0.48 0.4025 0.533333 0.39 0.558333 0.295 0.535 0.2775 0.528333 0.295 0.478333 0.315 0.416667 0.28 0.42 0.2675 0.418333 0.2825 0.358333 0.3 0.308333 0.3125 0.258333 0.3525 0.196667 0.4125 0.19
12 0.47 0.225 0.505 0.241667 0.5375 0.231667 0.5375 0.27 0.5075 0.27 0.4975 0.266667 0.4825 0.273333 0.465 0.266667 0.4675 0.243333 0.4775 0.235
8 0.5225 0.431667 0.4775 0.431667 0.425 0.423333 0.4175 0.376667 0.44 0.263333 0.455 0.19 0.485 0.21 0.4975 0.216667 0.52 0.206667 0.55 0.175 0.545 0.228333 0.535 0.265 0.53 0.286667 0.5275 0.366667 0.5425 0.43
6 0.5275 0.123333 0.495 0.116667 0.4925 0.13 0.47 0.135 0.445 0.125 0.4325 0.133333 0.425 0.143333 0.41 0.138333 0.4 0.118333 0.425 0.113333 0.4425 0.113333 0.455 0.106667 0.4775 0.105 0.5 0.108333 0.53 0.115
9 0.535 0.55 0.4825 0.545 0.4375 0.533333 0.4275 0.515 0.4075 0.525 0.4075 0.48 0.42 0.423333 0.475 0.43 0.5075 0.435 0.53 0.441667 0.5225 0.45 0.5325 0.463333 0.55 0.468333 0.5575 0.461667 0.5575 0.505 0.545 0.546667
0 0.2925 0.533333 0.29 0.538333 0.295 0.551667 0.3225 0.553333 0.3225 0.543333 0.2925 0.533333 0.3725 0.278333 0.4275 0.191667 0.42 0.191667 0.37 0.275 0.3725 0.278333
3 0.5075 0.943333 0.525 0.948333 0.5475 0.948333 0.555 0.945 0.5725 0.911667 0.5775 0.943333 0.5625 0.97 0.5325 0.976667 0.5125 0.971667 0.4875 0.958333 0.505 0.941667
3 0.4525 0.945 0.42 0.95 0.4025 0.945 0.385 0.931667 0.3875 0.956667 0.405 0.975 0.43 0.98 0.45 0.978333 0.455 0.971667 0.455 0.953333
