1 0.4575 0.308333 0.5075 0.308333 0.56 0.318333 0.59 0.328333 0.59 0.361667 0.555 0.358333 0.5 0.356667 0.5075 0.37 0.4975 0.375 0.475 0.358333 0.475 0.375 0.51 0.406667 0.4975 0.411667 0.475 0.391667 0.475 0.415 0.455 0.413333 0.465 0.38 0.4575 0.356667 0.43 0.356667 0.435 0.421667 0.4425 0.451667 0.4525 0.47 0.43 0.471667 0.42 0.466667 0.42 0.426667 0.425 0.355 0.395 0.351667 0.4125 0.311667 0.435 0.31 0.45 0.3 0.4575 0.305
8 0.4675 0.225 0.4925 0.235 0.5225 0.235 0.555 0.233333 0.575 0.226667 0.6025 0.253333 0.6 0.295 0.59 0.328333 0.56 0.32 0.5075 0.308333 0.4575 0.31 0.4575 0.305 0.45 0.3 0.435 0.31 0.4125 0.31 0.425 0.28 0.455 0.25
6 0.57 0.08 0.5675 0.0933333 0.555 0.1 0.5375 0.1 0.525 0.0916667 0.515 0.0833333 0.5075 0.0983333 0.495 0.105 0.4775 0.106667 0.4675 0.0933333 0.4625 0.0833333 0.48 0.08 0.5075 0.08 0.5225 0.0766667 0.54 0.0716667 0.5625 0.0716667 0.5725 0.0716667
4 0.59 0.146667 0.5925 0.136667 0.6075 0.163333 0.62 0.18 0.6525 0.188333 0.68 0.198333 0.6975 0.225 0.7075 0.271667 0.71 0.315 0.7075 0.373333 0.7 0.391667 0.7025 0.436667 0.6925 0.456667 0.6875 0.485 0.685 0.49 0.68 0.513333 0.6525 0.51 0.625 0.511667 0.62 0.505 0.6275 0.476667 0.6375 0.446667 0.64 0.433333 0.6275 0.466667 0.615 0.478333 0.6025 0.466667 0.595 0.383333 0.59 0.361667 0.5875 0.323333 0.6 0.293333 0.6025 0.25 0.575 0.225 0.5825 0.188333 0.59 0.146667 0.515 0.148333 0.5125 0.163333 0.485 0.171667 0.47 0.186667 0.465 0.208333 0.4675 0.225 0.455 0.25 0.425 0.281667 0.4125 0.311667 0.3925 0.355 0.38 0.385 0.37 0.403333 0.3625 0.476667 0.3375 0.471667 0.3075 0.473333 0.31 0.438333 0.315 0.416667 0.315 0.403333 0.325 0.388333 0.33 0.343333 0.3525 0.296667 0.37 0.23 0.395 0.188333 0.42 0.173333 0.455 0.17 0.5025 0.141667 0.515 0.148333
10 0.375 0.583333 0.43 0.585 0.49 0.588333 0.54 0.595 0.585 0.596667 0.6125 0.596667 0.6125 0.563333 0.6175 0.536667 0.625 0.513333 0.6175 0.503333 0.62 0.478333 0.615 0.478333 0.6025 0.465 0.595 0.383333 0.59 0.36 0.555 0.358333 0.5 0.356667 0.5075 0.37 0.4975 0.375 0.475 0.358333 0.475 0.375 0.51 0.405 0.4975 0.411667 0.475 0.391667 0.475 0.415 0.455 0.413333 0.465 0.38 0.4575 0.356667 0.43 0.356667 0.435 0.421667 0.4425 0.45 0.4525 0.47 0.43 0.471667 0.42 0.465 0.42 0.426667 0.425 0.355 0.3925 0.351667 0.38 0.385 0.37 0.403333 0.36 0.478333 0.36 0.518333 0.37 0.556667
0 0.4025 0.72 0.405 0.75 0.3975 0.776667 0.385 0.8 0.355 0.81 0.3425 0.811667 0.305 0.848333 0.2725 0.868333 0.2325 0.873333 0.215 0.866667 0.205 0.841667 0.205 0.796667 0.2125 0.755 0.21 0.728333 0.2275 0.693333 0.25 0.646667 0.2775 0.606667 0.3 0.591667 0.31 0.566667 0.32 0.526667 0.3375 0.528333 0.32 0.58 0.325 0.598333 0.3425 0.616667 0.3475 0.635 0.3475 0.646667 0.35 0.656667 0.3575 0.646667 0.36 0.635 0.365 0.626667 0.355 0.54 0.3475 0.518333 0.36 0.518333 0.3675 0.558333 0.3775 0.588333 0.385 0.626667 0.39 0.643333 0.4025 0.655 0.4025 0.69
7 0.5525 0.628333 0.54 0.676667 0.5375 0.715 0.53 0.733333 0.535 0.771667 0.545 0.833333 0.5175 0.85 0.495 0.835 0.4825 0.815 0.47 0.843333 0.445 0.841667 0.43 0.833333 0.4425 0.801667 0.45 0.755 0.435 0.72 0.4275 0.68 0.4075 0.631667 0.39 0.583333 0.43 0.585 0.49 0.588333 0.5425 0.595 0.57 0.596667
3 0.47 0.86 0.47 0.873333 0.485 0.885 0.4825 0.89 0.4775 0.891667 0.4625 0.891667 0.4575 0.918333 0.4525 0.935 0.4525 0.948333 0.4275 0.963333 0.4 0.963333 0.3825 0.955 0.3825 0.926667 0.3925 0.91 0.405 0.88 0.415 0.85 0.42 0.841667 0.405 0.836667 0.3975 0.83 0.4 0.828333 0.4225 0.836667 0.43 0.828333 0.43 0.833333 0.445 0.841667 0.47 0.843333 0.475 0.858333
3 0.47 0.86 0.47 0.873333 0.485 0.885 0.4825 0.89 0.4775 0.891667 0.4625 0.891667 0.4575 0.918333 0.4525 0.935 0.4525 0.948333 0.4275 0.963333 0.4 0.963333 0.3825 0.955 0.3825 0.926667 0.3925 0.91 0.405 0.88 0.415 0.85 0.42 0.841667 0.405 0.836667 0.3975 0.83 0.4 0.828333 0.4225 0.836667 0.43 0.828333 0.43 0.833333 0.445 0.841667 0.47 0.843333 0.475 0.858333
3 0.5575 0.898333 0.5575 0.936667 0.545 0.945 0.545 0.961667 0.53 0.98 0.505 0.981667 0.4825 0.976667 0.4775 0.951667 0.4775 0.935 0.4975 0.903333 0.505 0.876667 0.505 0.865 0.4975 0.878333 0.49 0.893333 0.4875 0.906667 0.4825 0.905 0.49 0.881667 0.4975 0.866667 0.505 0.86 0.4975 0.855 0.4925 0.841667 0.505 0.836667 0.51 0.843333 0.515 0.853333 0.5325 0.843333 0.55 0.843333 0.5475 0.84 0.5575 0.836667 0.5575 0.855 0.5675 0.868333 0.5675 0.883333 0.5575 0.898333 0.5575 0.898333 0.5575 0.936667 0.545 0.945 0.545 0.961667 0.53 0.98 0.505 0.981667 0.4825 0.976667 0.4775 0.951667 0.4775 0.935 0.4975 0.903333 0.505 0.876667 0.505 0.865 0.4975 0.878333 0.49 0.893333 0.4875 0.906667 0.4825 0.905 0.49 0.881667 0.4975 0.866667 0.505 0.86 0.4975 0.855 0.4925 0.841667 0.505 0.836667 0.51 0.843333 0.515 0.853333 0.5325 0.843333 0.55 0.843333 0.5475 0.84 0.5575 0.836667 0.5575 0.855 0.5675 0.868333 0.5675 0.883333 0.5575 0.898333
