1 0.575 0.436667 0.5975 0.431667 0.645 0.43 0.66 0.431667 0.66 0.438333 0.62 0.443333 0.5975 0.443333 0.575 0.438333
5 0.5325 0.506667 0.55 0.485 0.5525 0.445 0.56 0.438333 0.5875 0.44 0.615 0.441667 0.6525 0.438333 0.665 0.44 0.6775 0.475 0.6925 0.485 0.71 0.48 0.7125 0.518333 0.705 0.551667 0.7125 0.563333 0.715 0.573333 0.7 0.585 0.6825 0.595 0.6125 0.595 0.6075 0.58 0.585 0.55 0.5475 0.513333
5 0.5525 0.428333 0.55 0.368333 0.5475 0.31 0.545 0.29 0.5275 0.291667 0.5325 0.265 0.545 0.245 0.555 0.238333 0.5775 0.223333 0.57 0.255 0.58 0.281667 0.5825 0.285 0.575 0.295 0.5925 0.321667 0.58 0.371667 0.575 0.411667 0.5775 0.435 0.5775 0.438333 0.5575 0.436667
5 0.605 0.423333 0.61 0.355 0.6125 0.318333 0.63 0.278333 0.6375 0.261667 0.6475 0.246667 0.6425 0.23 0.645 0.225 0.6625 0.248333 0.6725 0.258333 0.67 0.278333 0.665 0.271667 0.66 0.255 0.655 0.265 0.6575 0.278333 0.665 0.285 0.67 0.328333 0.6675 0.39 0.66 0.428333 0.61 0.43
5 0.6925 0.253333 0.7175 0.261667 0.735 0.275 0.7425 0.313333 0.75 0.358333 0.755 0.376667 0.7575 0.388333 0.755 0.4 0.755 0.418333 0.745 0.413333 0.7325 0.41 0.7175 0.41 0.715 0.401667 0.7125 0.328333 0.7075 0.286667
5 0.495 0.285 0.495 0.34 0.4875 0.376667 0.4875 0.406667 0.49 0.423333 0.4825 0.433333 0.4775 0.426667 0.4625 0.418333 0.4475 0.413333 0.435 0.415 0.4225 0.421667 0.4225 0.403333 0.425 0.388333 0.4275 0.376667 0.4275 0.356667 0.445 0.301667 0.475 0.258333 0.485 0.256667 0.4925 0.261667
0 0.53 0.35 0.53 0.378333 0.535 0.386667 0.5325 0.395 0.525 0.405 0.525 0.46 0.5175 0.488333 0.5325 0.506667 0.5475 0.511667 0.5825 0.546667 0.605 0.583333 0.5975 0.595 0.565 0.62 0.5375 0.625 0.4975 0.633333 0.47 0.635 0.435 0.628333 0.4225 0.611667 0.415 0.621667 0.4025 0.618333 0.4 0.59 0.3975 0.556667 0.42 0.541667 0.4225 0.528333 0.425 0.523333 0.42 0.513333 0.4125 0.495 0.4425 0.48 0.4775 0.466667 0.4675 0.445 0.4875 0.43 0.4925 0.435 0.49 0.458333 0.49 0.47 0.505 0.478333 0.51 0.48 0.5075 0.458333 0.5075 0.445 0.5075 0.388333 0.5125 0.305 0.505 0.25 0.5275 0.253333 0.5325 0.29 0.53 0.316667
4 0.505 0.253333 0.5125 0.346667 0.505 0.41 0.505 0.445 0.505 0.471667 0.505 0.481667 0.4925 0.475 0.4925 0.463333 0.4925 0.451667 0.4925 0.411667 0.495 0.34 0.4975 0.295 0.49 0.251667 0.505 0.253333 0.525 0.251667 0.54 0.253333 0.53 0.29 0.5275 0.391667 0.525 0.446667 0.5225 0.483333 0.5225 0.498333 0.53 0.501667 0.5425 0.5 0.55 0.48 0.555 0.446667 0.555 0.388333 0.5475 0.343333 0.54 0.29 0.6625 0.45 0.6625 0.371667 0.6675 0.308333 0.6675 0.273333 0.67 0.248333 0.695 0.256667 0.7125 0.303333 0.7125 0.375 0.72 0.436667 0.725 0.466667 0.6925 0.486667 0.68 0.475 0.6625 0.45 0.54 0.29 0.53 0.293333 0.5325 0.378333 0.535 0.388333 0.5275 0.391667 0.53 0.29 0.525 0.251667
8 0.5925 0.316667 0.615 0.318333 0.6075 0.37 0.605 0.428333 0.59 0.431667 0.5775 0.426667 0.575 0.418333 0.5725 0.408333 0.5825 0.355 0.59 0.325
3 0.6025 0.925 0.58 0.926667 0.5575 0.92 0.54 0.903333 0.535 0.85 0.5325 0.823333 0.5575 0.831667 0.58 0.831667 0.585 0.825 0.5925 0.828333 0.595 0.865 0.6075 0.9 0.615 0.918333
3 0.6325 0.928333 0.615 0.918333 0.6 0.876667 0.595 0.85 0.5975 0.818333 0.61 0.82 0.625 0.83 0.6425 0.83 0.65 0.831667 0.655 0.873333 0.6725 0.906667 0.665 0.92
