1 0.575 0.425 0.5325 0.416667 0.5325 0.433333 0.57 0.438333
8 0.5625 0.276667 0.56 0.32 0.5425 0.38 0.5325 0.416667 0.525 0.455 0.5125 0.488333 0.5175 0.538333 0.53 0.55 0.54 0.55 0.5475 0.52 0.57 0.438333 0.575 0.423333 0.585 0.395 0.615 0.331667 0.6175 0.32 0.625 0.308333 0.635 0.29 0.6375 0.285 0.61 0.291667 0.58 0.288333
11 0.55 0.223333 0.5325 0.235 0.5275 0.253333 0.52 0.288333 0.5 0.381667 0.4825 0.458333 0.48 0.481667 0.4775 0.51 0.4675 0.528333 0.455 0.538333 0.445 0.561667 0.465 0.571667 0.5125 0.571667 0.5325 0.581667 0.5375 0.586667 0.55 0.593333 0.5925 0.598333 0.625 0.59 0.6175 0.565 0.61 0.533333 0.61 0.51 0.6175 0.498333 0.6275 0.453333 0.6425 0.4 0.6625 0.34 0.68 0.298333 0.6875 0.275 0.6625 0.248333 0.6525 0.231667 0.65 0.223333 0.6325 0.238333 0.6125 0.246667 0.5825 0.246667 0.56 0.231667
6 0.54 0.19 0.535 0.196667 0.5375 0.205 0.54 0.208333 0.5475 0.211667 0.5575 0.213333 0.5675 0.21 0.575 0.201667 0.5775 0.188333 0.59 0.188333 0.5875 0.196667 0.59 0.201667 0.595 0.208333 0.61 0.213333 0.625 0.211667 0.6325 0.206667 0.6325 0.196667 0.65 0.195 0.65 0.191667 0.63 0.193333 0.6275 0.186667 0.615 0.185 0.545 0.186667
0 0.3925 0.493333 0.38 0.476667 0.3725 0.483333 0.3575 0.513333 0.3375 0.548333 0.3375 0.571667 0.3325 0.58 0.315 0.593333 0.325 0.598333 0.33 0.586667 0.3375 0.58 0.3325 0.611667 0.33 0.635 0.3325 0.645 0.335 0.651667 0.3475 0.65 0.3575 0.641667 0.3675 0.651667 0.3725 0.656667 0.3925 0.663333 0.4025 0.668333 0.4075 0.626667 0.4125 0.598333 0.4275 0.593333 0.44 0.556667 0.445 0.563333 0.455 0.536667 0.45 0.531667 0.43 0.526667 0.3925 0.493333 0.44 0.486667 0.4575 0.493333 0.4625 0.468333 0.4725 0.391667 0.4725 0.36 0.455 0.351667 0.4425 0.365 0.4325 0.395 0.4275 0.453333 0.44 0.486667
4 0.48 0.48 0.4825 0.458333 0.5 0.38 0.5175 0.288333 0.4925 0.29 0.4775 0.275 0.46 0.273333 0.425 0.301667 0.3825 0.365 0.37 0.386667 0.3725 0.441667 0.375 0.468333 0.3925 0.495 0.4075 0.493333 0.44 0.486667 0.4275 0.455 0.4325 0.395 0.4425 0.365 0.455 0.351667 0.4725 0.36 0.4725 0.391667 0.4625 0.468333 0.4575 0.493333 0.4775 0.508333 0.48 0.48 0.6175 0.498333 0.63 0.503333 0.655 0.52 0.655 0.528333 0.6725 0.523333 0.6875 0.511667 0.7025 0.508333 0.7025 0.495 0.7325 0.473333 0.7675 0.44 0.7675 0.42 0.765 0.363333 0.7525 0.313333 0.745 0.298333 0.7375 0.291667 0.715 0.288333 0.695 0.296667 0.68 0.298333 0.6625 0.34 0.6425 0.4 0.6275 0.453333 0.6175 0.498333
2 0.3925 0.72 0.385 0.733333 0.395 0.751667 0.4025 0.808333 0.4075 0.828333 0.4025 0.85 0.395 0.866667 0.3875 0.886667 0.3925 0.895 0.4075 0.898333 0.42 0.898333 0.435 0.895 0.4475 0.888333 0.46 0.855 0.4625 0.836667 0.4675 0.828333 0.465 0.815 0.4625 0.806667 0.4675 0.795 0.4725 0.741667 0.47 0.721667 0.4625 0.735 0.4325 0.74 0.4075 0.74 0.395 0.728333
2 0.3925 0.72 0.385 0.733333 0.395 0.751667 0.4025 0.808333 0.4075 0.828333 0.4025 0.85 0.395 0.866667 0.3875 0.886667 0.3925 0.895 0.4075 0.898333 0.42 0.898333 0.435 0.895 0.4475 0.888333 0.46 0.855 0.4625 0.836667 0.4675 0.828333 0.465 0.815 0.4625 0.806667 0.4675 0.795 0.4725 0.741667 0.47 0.721667 0.4625 0.735 0.4325 0.74 0.4075 0.74 0.395 0.728333
7 0.5325 0.581667 0.51 0.571667 0.4675 0.571667 0.44 0.558333 0.4275 0.593333 0.4125 0.598333 0.4075 0.626667 0.4025 0.668333 0.3925 0.686667 0.3975 0.728333 0.4075 0.74 0.4325 0.74 0.4625 0.735 0.47 0.72 0.48 0.685 0.5 0.631667 0.5325 0.581667 0.5375 0.588333 0.53 0.636667 0.52 0.676667 0.52 0.698333 0.5225 0.72 0.54 0.733333 0.56 0.738333 0.5875 0.738333 0.595 0.713333 0.6 0.655 0.6425 0.593333 0.6675 0.543333 0.6175 0.566667 0.625 0.588333 0.59 0.598333 0.55 0.593333 0.5375 0.588333
2 0.5175 0.721667 0.5 0.761667 0.4875 0.79 0.4825 0.8 0.4775 0.818333 0.4725 0.826667 0.4625 0.858333 0.4525 0.883333 0.45 0.896667 0.4625 0.905 0.4775 0.905 0.4975 0.905 0.515 0.895 0.5225 0.851667 0.53 0.851667 0.53 0.83 0.535 0.823333 0.555 0.801667 0.585 0.755 0.6 0.746667 0.595 0.735 0.59 0.73 0.585 0.738333 0.5575 0.736667 0.54 0.733333 0.5225 0.72 0.5175 0.721667 0.5175 0.721667 0.5 0.761667 0.4875 0.79 0.4825 0.8 0.4775 0.818333 0.4725 0.826667 0.4625 0.858333 0.4525 0.883333 0.45 0.896667 0.4625 0.905 0.4775 0.905 0.4975 0.905 0.515 0.895 0.5225 0.851667 0.53 0.851667 0.53 0.83 0.535 0.823333 0.555 0.801667 0.585 0.755 0.6 0.746667 0.595 0.735 0.59 0.73 0.585 0.738333 0.5575 0.736667 0.54 0.733333 0.5225 0.72 0.5175 0.721667
