6 0.465 0.241667 0.37 0.24 0.3725 0.261667 0.39 0.265 0.415 0.25 0.4375 0.261667 0.46 0.263333 0.465 0.248333
12 0.38 0.288333 0.33 0.34 0.305 0.388333 0.285 0.481667 0.3375 0.485 0.35 0.531667 0.3625 0.576667 0.3675 0.655 0.3875 0.611667 0.41 0.59 0.4025 0.56 0.4025 0.525 0.4175 0.503333 0.4175 0.458333 0.405 0.395 0.405 0.355 0.4425 0.385 0.44 0.395 0.465 0.401667 0.4775 0.4 0.4775 0.433333 0.4825 0.453333 0.5075 0.503333 0.525 0.476667 0.5275 0.435 0.52 0.395 0.5025 0.361667 0.51 0.32 0.47 0.286667 0.45 0.288333 0.4325 0.316667
8 0.4675 0.398333 0.4275 0.395 0.405 0.39 0.41 0.425 0.4175 0.478333 0.41 0.515 0.41 0.536667 0.4475 0.535 0.485 0.536667 0.5075 0.525 0.4925 0.47 0.4775 0.431667
4 0.3225 0.351667 0.2825 0.341667 0.2375 0.376667 0.2175 0.428333 0.2475 0.433333 0.2825 0.44 0.2725 0.518333 0.2725 0.558333 0.2625 0.593333 0.27 0.626667 0.28 0.675 0.3175 0.681667 0.3675 0.675 0.3675 0.585 0.3325 0.486667 0.2875 0.483333 0.315 0.351667 0.3225 0.351667 0.5 0.363333 0.51 0.411667 0.52 0.431667 0.3925 0.608333 0.3775 0.64 0.3675 0.67 0.4375 0.665 0.5375 0.658333 0.56 0.66 0.58 0.66 0.5925 0.651667 0.5375 0.565 0.525 0.6 0.5375 0.658333 0.4375 0.665 0.4225 0.631667 0.3925 0.608333 0.52 0.431667 0.565 0.426667 0.57 0.433333 0.59 0.426667 0.58 0.39 0.545 0.336667 0.5075 0.318333 0.5 0.363333
1 0.4075 0.536667 0.3975 0.555 0.44 0.553333 0.49 0.55 0.5 0.543333 0.495 0.535
4 0.2725 0.538333 0.2775 0.486667 0.285 0.443333 0.2525 0.435 0.235 0.481667 0.2225 0.533333 0.23 0.548333 0.23 0.563333 0.27 0.561667 0.2675 0.546667 0.2725 0.538333 0.4925 0.531667 0.5125 0.543333 0.535 0.555 0.535 0.541667 0.55 0.535 0.5475 0.518333 0.5575 0.48 0.5625 0.428333 0.5275 0.428333 0.525 0.478333 0.505 0.51 0.505 0.523333 0.4925 0.531667
7 0.365 0.675 0.3075 0.68 0.2825 0.675 0.2925 0.735 0.3 0.751667 0.255 0.766667 0.255 0.841667 0.2775 0.846667 0.315 0.841667 0.33 0.765 0.355 0.706667 0.365 0.675 0.4425 0.668333 0.4775 0.736667 0.4925 0.758333 0.5225 0.808333 0.545 0.843333 0.5975 0.836667 0.5875 0.805 0.5825 0.775 0.55 0.715 0.5375 0.648333 0.5225 0.598333 0.495 0.613333 0.465 0.6 0.495 0.575 0.4775 0.566667 0.4925 0.55 0.405 0.555 0.41 0.596667 0.3875 0.61 0.405 0.611667 0.4425 0.668333
0 0.2425 0.591667 0.23 0.626667 0.2125 0.636667 0.2025 0.65 0.195 0.671667 0.18 0.68 0.1625 0.716667 0.1575 0.743333 0.1575 0.758333 0.19 0.763333 0.2 0.755 0.23 0.77 0.255 0.765 0.2775 0.765 0.3025 0.75 0.2925 0.735 0.2775 0.675 0.2675 0.646667 0.2675 0.586667 0.2575 0.576667
2 0.255 0.843333 0.255 0.868333 0.2525 0.9 0.2525 0.921667 0.2475 0.935 0.25 0.958333 0.265 0.965 0.305 0.965 0.3075 0.941667 0.3075 0.9 0.3075 0.888333 0.31 0.858333 0.3175 0.86 0.3125 0.843333
2 0.5425 0.843333 0.5475 0.868333 0.55 0.865 0.56 0.89 0.5625 0.915 0.55 0.931667 0.55 0.955 0.5675 0.96 0.6 0.961667 0.6175 0.936667 0.615 0.905 0.615 0.885 0.605 0.861667 0.5975 0.836667
