11 0.375 0.148333 0.39 0.141667 0.4275 0.15 0.4725 0.18 0.495 0.206667 0.5225 0.163333 0.5275 0.151667 0.535 0.146667 0.5375 0.133333 0.5275 0.12 0.51 0.113333 0.4975 0.106667 0.4725 0.103333 0.435 0.11 0.39 0.12 0.3675 0.141667
6 0.43 0.175 0.37 0.155 0.355 0.153333 0.3475 0.158333 0.345 0.17 0.3475 0.176667 0.3575 0.18 0.37 0.18 0.3875 0.17 0.4 0.173333 0.3975 0.181667 0.4 0.19 0.4075 0.195 0.4175 0.201667 0.4275 0.196667 0.4375 0.19 0.4675 0.19 0.4675 0.186667 0.44 0.186667 0.44 0.178333
8 0.375 0.27 0.3575 0.28 0.37 0.336667 0.37 0.361667 0.3625 0.413333 0.3425 0.498333 0.2975 0.491667 0.29 0.511667 0.3175 0.508333 0.3775 0.505 0.44 0.506667 0.4675 0.513333 0.4875 0.508333 0.4775 0.501667 0.4525 0.433333 0.4475 0.403333 0.4425 0.355 0.445 0.325 0.4275 0.328333 0.42 0.313333 0.4175 0.29 0.415 0.278333
8 0.29 0.52 0.4025 0.516667 0.4425 0.508333 0.3825 0.506667 0.3175 0.506667 0.29 0.511667
12 0.5075 0.51 0.5125 0.538333 0.5275 0.553333 0.5275 0.566667 0.53 0.576667 0.53 0.596667 0.535 0.601667 0.5725 0.596667 0.5875 0.588333 0.585 0.585 0.5975 0.571667 0.6 0.561667 0.605 0.556667 0.595 0.538333 0.5925 0.528333 0.5675 0.496667 0.5225 0.501667 0.495 0.506667
10 0.2925 0.616667 0.44 0.616667 0.505 0.616667 0.53 0.608333 0.5275 0.598333 0.5275 0.556667 0.5125 0.538333 0.5075 0.508333 0.4925 0.506667 0.4675 0.513333 0.4425 0.506667 0.4025 0.515 0.2875 0.518333 0.2975 0.536667 0.3075 0.566667 0.3075 0.6 0.2925 0.613333
4 0.37 0.363333 0.37 0.336667 0.3575 0.28 0.3375 0.286667 0.315 0.286667 0.3075 0.278333 0.295 0.275 0.315 0.268333 0.315 0.251667 0.2625 0.265 0.255 0.285 0.2325 0.333333 0.225 0.355 0.2175 0.35 0.22 0.336667 0.2025 0.31 0.195 0.326667 0.175 0.338333 0.165 0.335 0.1575 0.32 0.145 0.333333 0.145 0.35 0.175 0.386667 0.18 0.396667 0.1925 0.418333 0.195 0.415 0.19 0.403333 0.2025 0.415 0.2125 0.425 0.225 0.433333 0.2325 0.435 0.245 0.418333 0.2475 0.403333 0.2425 0.383333 0.2375 0.375 0.245 0.376667 0.255 0.388333 0.26 0.4 0.2675 0.413333 0.2725 0.428333 0.2775 0.421667 0.2775 0.45 0.275 0.466667 0.2725 0.471667 0.295 0.48 0.2975 0.491667 0.3425 0.498333 0.3625 0.413333 0.37 0.363333 0.4425 0.353333 0.4475 0.408333 0.46 0.458333 0.4775 0.501667 0.485 0.506667 0.5225 0.503333 0.5675 0.495 0.56 0.476667 0.5425 0.44 0.55 0.43 0.535 0.405 0.5275 0.391667 0.53 0.378333 0.5525 0.393333 0.57 0.396667 0.5875 0.395 0.61 0.386667 0.6125 0.375 0.615 0.361667 0.595 0.333333 0.5775 0.306667 0.585 0.296667 0.58 0.288333 0.5725 0.275 0.555 0.27 0.54 0.266667 0.5225 0.236667 0.4975 0.24 0.47 0.248333 0.4775 0.278333 0.4625 0.295 0.4525 0.311667 0.4475 0.325 0.4425 0.353333
0 0.205 0.423333 0.2 0.441667 0.1925 0.453333 0.1925 0.463333 0.1675 0.503333 0.145 0.54 0.1325 0.575 0.17 0.6 0.1725 0.635 0.1525 0.631667 0.115 0.65 0.1075 0.668333 0.1125 0.67 0.125 0.661667 0.155 0.641667 0.1675 0.64 0.175 0.656667 0.19 0.69 0.205 0.73 0.2225 0.756667 0.24 0.766667 0.2625 0.763333 0.275 0.746667 0.2825 0.683333 0.285 0.615 0.2925 0.613333 0.3075 0.601667 0.305 0.566667 0.295 0.533333 0.2875 0.515 0.295 0.491667 0.295 0.48 0.2725 0.47 0.2775 0.448333 0.2725 0.448333 0.2725 0.426667 0.2625 0.403333 0.2575 0.388333 0.245 0.375 0.2375 0.376667 0.2425 0.386667 0.2475 0.405 0.245 0.418333 0.23 0.436667 0.21 0.42
3 0.4125 0.925 0.3975 0.921667 0.375 0.931667 0.36 0.951667 0.3425 0.97 0.3425 0.986667 0.3725 0.99 0.395 0.985 0.415 0.975 0.4375 0.951667 0.4525 0.94 0.455 0.928333 0.4425 0.908333 0.445 0.92 0.4325 0.928333
3 0.4275 0.99 0.49 0.986667 0.515 0.968333 0.53 0.96 0.54 0.945 0.5275 0.918333 0.515 0.931667 0.5 0.928333 0.465 0.923333 0.455 0.936667 0.4325 0.961667 0.415 0.975
