2 0.5025 0.713333 0.53 0.71 0.5725 0.706667 0.5775 0.741667 0.585 0.77 0.5975 0.801667 0.6 0.818333 0.605 0.835 0.6025 0.845 0.6175 0.865 0.615 0.873333 0.6175 0.891667 0.625 0.906667 0.625 0.918333 0.605 0.923333 0.5875 0.923333 0.5775 0.923333 0.575 0.918333 0.5675 0.916667 0.56 0.923333 0.5525 0.916667 0.5475 0.908333 0.5525 0.891667 0.5575 0.885 0.5525 0.881667 0.555 0.873333 0.555 0.863333 0.545 0.853333 0.5475 0.848333 0.54 0.838333 0.5375 0.831667 0.5275 0.818333 0.52 0.805 0.515 0.795 0.505 0.77 0.5 0.743333 0.495 0.715 0.5 0.713333
2 0.5925 0.708333 0.61 0.716667 0.64 0.72 0.66 0.716667 0.6675 0.708333 0.6675 0.703333 0.6625 0.695 0.67 0.695 0.675 0.708333 0.66 0.731667 0.6525 0.77 0.6425 0.795 0.6425 0.8 0.6325 0.805 0.6375 0.81 0.635 0.816667 0.6325 0.828333 0.645 0.846667 0.66 0.861667 0.6725 0.89 0.67 0.9 0.6625 0.906667 0.6475 0.91 0.6325 0.911667 0.625 0.906667 0.6175 0.891667 0.615 0.873333 0.6175 0.865 0.6025 0.845 0.605 0.835 0.6 0.816667 0.5975 0.8 0.585 0.768333 0.5775 0.741667 0.5775 0.725 0.585 0.7 0.585 0.696667 0.5925 0.695 0.595 0.695 0.5925 0.708333
0 0.645 0.431667 0.6125 0.436667 0.5875 0.445 0.575 0.45 0.5825 0.466667 0.5775 0.48 0.5775 0.5 0.585 0.505 0.5775 0.513333 0.5875 0.525 0.5775 0.53 0.5775 0.555 0.62 0.563333 0.6725 0.566667 0.705 0.565 0.755 0.556667 0.81 0.546667 0.8525 0.535 0.865 0.528333 0.86 0.52 0.825 0.486667 0.8225 0.48 0.82 0.471667 0.8125 0.465 0.8175 0.461667 0.8225 0.451667 0.8075 0.45 0.7975 0.451667 0.7725 0.436667 0.7575 0.43 0.73 0.396667 0.7175 0.38 0.7175 0.365 0.7125 0.348333 0.7 0.341667 0.67 0.336667 0.6525 0.346667 0.675 0.35 0.695 0.363333 0.71 0.381667 0.7125 0.415 0.7125 0.431667 0.675 0.433333 0.65 0.4 0.6375 0.4 0.645 0.43
12 0.425 0.313333 0.44 0.325 0.4525 0.325 0.4675 0.33 0.495 0.315 0.5075 0.308333 0.5225 0.301667 0.545 0.283333 0.565 0.261667 0.58 0.238333 0.585 0.22 0.5825 0.21 0.59 0.198333 0.5775 0.188333 0.5625 0.19 0.55 0.191667 0.5525 0.18 0.5425 0.175 0.525 0.168333 0.5225 0.163333 0.5175 0.166667 0.5075 0.166667 0.5125 0.178333 0.515 0.191667 0.5125 0.205 0.5025 0.216667 0.4925 0.216667 0.4775 0.218333 0.4625 0.216667 0.45 0.213333 0.435 0.206667 0.425 0.196667 0.4175 0.193333 0.4075 0.195 0.3975 0.206667 0.395 0.226667 0.39 0.24 0.38 0.25 0.3875 0.261667 0.385 0.275 0.3875 0.288333 0.4075 0.301667 0.425 0.313333
4 0.39 0.293333 0.395 0.355 0.395 0.428333 0.3975 0.476667 0.405 0.51 0.4125 0.535 0.41 0.55 0.425 0.573333 0.465 0.618333 0.4825 0.615 0.45 0.56 0.43 0.531667 0.415 0.481667 0.42 0.463333 0.4275 0.438333 0.4325 0.43 0.4175 0.415 0.425 0.403333 0.4325 0.4 0.4375 0.391667 0.4425 0.386667 0.45 0.38 0.445 0.37 0.44 0.361667 0.445 0.355 0.4425 0.35 0.4425 0.346667 0.4275 0.323333 0.4225 0.32 0.4275 0.315 0.4075 0.301667 0.3875 0.288333 0.39 0.293333
4 0.5925 0.205 0.6175 0.205 0.6425 0.221667 0.6675 0.25 0.69 0.295 0.705 0.318333 0.7125 0.338333 0.715 0.348333 0.7 0.341667 0.67 0.336667 0.6525 0.346667 0.675 0.35 0.695 0.363333 0.705 0.378333 0.68 0.39 0.6725 0.391667 0.6775 0.405 0.6825 0.416667 0.685 0.433333 0.675 0.433333 0.65 0.4 0.64 0.398333 0.63 0.4 0.6175 0.39 0.6075 0.38 0.595 0.376667 0.5825 0.378333 0.61 0.36 0.615 0.325 0.615 0.273333 0.6025 0.243333 0.595 0.206667
8 0.6075 0.256667 0.615 0.273333 0.615 0.325 0.61 0.358333 0.5825 0.378333 0.5625 0.398333 0.5525 0.413333 0.55 0.421667 0.55 0.426667 0.5225 0.428333 0.5025 0.426667 0.475 0.426667 0.45 0.423333 0.4275 0.425 0.4175 0.413333 0.425 0.403333 0.4325 0.4 0.4425 0.386667 0.45 0.38 0.44 0.361667 0.445 0.355 0.4425 0.348333 0.4275 0.323333 0.4225 0.32 0.4275 0.313333 0.44 0.325 0.45 0.325 0.4675 0.33 0.5225 0.301667 0.545 0.283333 0.565 0.261667 0.58 0.238333 0.585 0.218333 0.5825 0.21 0.59 0.198333 0.595 0.206667 0.6025 0.243333 0.6075 0.256667
1 0.4775 0.438333 0.515 0.44 0.5375 0.441667 0.565 0.441667 0.5875 0.443333 0.595 0.441667 0.5975 0.438333 0.5525 0.436667 0.4775 0.431667
1 0.4375 0.431667 0.4675 0.431667 0.4675 0.438333 0.43 0.438333 0.4325 0.431667 0.4375 0.431667
7 0.485 0.62 0.4875 0.64 0.4925 0.66 0.4925 0.676667 0.495 0.713333 0.53 0.71 0.575 0.706667 0.5725 0.661667 0.57 0.643333 0.565 0.6 0.5675 0.591667 0.575 0.613333 0.5825 0.645 0.585 0.67 0.59 0.693333 0.595 0.695 0.5925 0.708333 0.61 0.716667 0.6425 0.72 0.66 0.716667 0.665 0.705 0.6625 0.693333 0.665 0.661667 0.6675 0.61 0.6725 0.568333 0.62 0.563333 0.5775 0.555 0.5775 0.53 0.5875 0.525 0.5775 0.513333 0.585 0.505 0.5775 0.5 0.5775 0.48 0.5825 0.466667 0.575 0.448333 0.5875 0.445 0.565 0.441667 0.5375 0.441667 0.515 0.44 0.4775 0.438333 0.4675 0.438333 0.43 0.438333 0.42 0.463333 0.415 0.481667 0.43 0.531667 0.45 0.56 0.485 0.618333
7 0.6125 0.421667 0.6425 0.423333 0.645 0.43 0.6125 0.436667 0.595 0.44 0.5975 0.438333 0.5525 0.436667 0.4775 0.431667 0.4775 0.438333 0.4675 0.438333 0.4675 0.431667 0.4325 0.431667 0.4275 0.425 0.45 0.423333 0.475 0.426667 0.5025 0.426667 0.52 0.428333 0.55 0.426667 0.5625 0.431667 0.5825 0.431667 0.6025 0.43 0.6125 0.421667
