8 0.4625 0.361667 0.4775 0.293333 0.4775 0.26 0.4775 0.231667 0.4875 0.21 0.525 0.236667 0.555 0.24 0.57 0.27 0.5625 0.308333 0.57 0.326667 0.6125 0.351667 0.6175 0.356667 0.6225 0.376667 0.605 0.385 0.5575 0.373333 0.52 0.37 0.465 0.373333
10 0.47 0.575 0.46 0.521667 0.46 0.485 0.4625 0.418333 0.4625 0.371667 0.4875 0.371667 0.56 0.371667 0.5825 0.376667 0.61 0.381667 0.605 0.421667 0.5725 0.433333 0.57 0.463333 0.595 0.471667 0.6175 0.47 0.61 0.521667 0.61 0.563333 0.605 0.563333
12 0.3825 0.393333 0.41 0.35 0.415 0.303333 0.3975 0.286667 0.4025 0.231667 0.4375 0.183333 0.4575 0.15 0.49 0.166667 0.4975 0.211667 0.51 0.168333 0.52 0.161667 0.5675 0.168333 0.5975 0.145 0.6325 0.13 0.645 0.145 0.655 0.161667 0.65 0.173333 0.6675 0.185 0.655 0.201667 0.655 0.233333 0.6675 0.256667 0.645 0.298333 0.6425 0.34 0.625 0.356667 0.605 0.365 0.605 0.341667 0.5725 0.336667 0.56 0.3 0.5675 0.266667 0.5725 0.248333 0.5425 0.235 0.51 0.225 0.485 0.211667 0.485 0.241667 0.465 0.275 0.4575 0.31 0.4525 0.336667 0.46 0.368333 0.4525 0.396667 0.425 0.398333 0.4075 0.4 0.39 0.415
11 0.47 0.128333 0.4525 0.113333 0.4525 0.0833333 0.4725 0.0666667 0.49 0.0633333 0.4975 0.0433333 0.5175 0.0283333 0.5475 0.025 0.57 0.025 0.6 0.0466667 0.6075 0.055 0.6425 0.0683333 0.65 0.0916667 0.645 0.108333 0.6375 0.116667 0.6175 0.0866667 0.5925 0.0633333 0.5675 0.0683333 0.5425 0.0633333 0.5075 0.0683333 0.495 0.0833333 0.4775 0.108333
0 0.385 0.4 0.4075 0.4 0.4075 0.41 0.425 0.435 0.4275 0.46 0.415 0.49 0.415 0.543333 0.415 0.568333 0.395 0.585 0.3725 0.628333 0.3525 0.61 0.34 0.576667 0.2925 0.57 0.205 0.55 0.21 0.528333 0.23 0.501667 0.2225 0.481667 0.2575 0.443333 0.275 0.42 0.315 0.416667 0.3275 0.393333 0.34 0.36 0.3525 0.351667 0.3525 0.368333 0.335 0.418333 0.3875 0.421667
3 0.425 0.821667 0.435 0.833333 0.445 0.83 0.465 0.811667 0.475 0.821667 0.4775 0.835 0.4725 0.866667 0.465 0.901667 0.455 0.936667 0.4375 0.925 0.43 0.901667 0.4325 0.875 0.4175 0.87 0.4275 0.851667 0.42 0.826667
3 0.425 0.821667 0.435 0.833333 0.445 0.83 0.465 0.811667 0.475 0.821667 0.4775 0.835 0.4725 0.866667 0.465 0.901667 0.455 0.936667 0.4375 0.925 0.43 0.901667 0.4325 0.875 0.4175 0.87 0.4275 0.851667 0.42 0.826667
7 0.4725 0.656667 0.46 0.688333 0.47 0.713333 0.475 0.75 0.4625 0.803333 0.4625 0.82 0.4275 0.823333 0.4225 0.815 0.4 0.766667 0.39 0.698333 0.3875 0.65 0.385 0.605 0.385 0.58 0.42 0.568333 0.4525 0.568333 0.4725 0.573333 0.4725 0.656667 0.49 0.646667 0.505 0.57 0.53 0.556667 0.5575 0.555 0.6 0.558333 0.61 0.575 0.5725 0.663333 0.57 0.736667 0.5675 0.766667 0.5325 0.831667 0.5225 0.845 0.4975 0.846667 0.49 0.836667 0.495 0.803333 0.4925 0.763333 0.49 0.731667 0.495 0.696667 0.5 0.663333 0.49 0.646667
4 0.64 0.431667 0.6525 0.518333 0.6825 0.581667 0.6575 0.588333 0.62 0.588333 0.5925 0.57 0.6075 0.568333 0.6125 0.521667 0.6175 0.453333 0.64 0.431667 0.62 0.415 0.6325 0.391667 0.645 0.383333 0.6625 0.398333 0.645 0.425 0.6725 0.416667 0.6825 0.405 0.695 0.378333 0.6875 0.353333 0.68 0.34 0.705 0.335 0.695 0.311667 0.695 0.275 0.7 0.265 0.7075 0.245 0.6825 0.208333 0.66 0.203333 0.66 0.215 0.67 0.245 0.465 0.375 0.475 0.286667 0.47 0.258333 0.4575 0.293333 0.4575 0.325 0.4575 0.37 0.445 0.39 0.4125 0.396667 0.4075 0.413333 0.4075 0.353333 0.3775 0.358333 0.3475 0.345 0.3375 0.351667 0.3625 0.373333 0.37 0.306667 0.3625 0.291667 0.3775 0.251667 0.39 0.216667 0.3975 0.193333 0.4325 0.178333 0.435 0.193333 0.4125 0.228333 0.4025 0.265 0.4075 0.303333 0.4 0.311667 0.37 0.306667 0.3625 0.373333 0.39 0.385 0.3975 0.37 0.4075 0.353333 0.4075 0.413333 0.425 0.438333 0.42 0.485 0.4075 0.568333 0.4625 0.575 0.47 0.576667 0.4625 0.506667 0.47 0.455 0.465 0.375 0.67 0.245 0.655 0.283333 0.6325 0.331667 0.62 0.351667 0.6 0.413333 0.62 0.415
3 0.49 0.831667 0.5 0.841667 0.5125 0.841667 0.5225 0.841667 0.545 0.851667 0.525 0.865 0.5275 0.88 0.535 0.895 0.52 0.93 0.5125 0.956667 0.4925 0.965 0.46 0.963333 0.4525 0.935 0.4725 0.895 0.4825 0.846667 0.49 0.831667 0.49 0.831667 0.5 0.841667 0.5125 0.841667 0.5225 0.841667 0.545 0.851667 0.525 0.865 0.5275 0.88 0.535 0.895 0.52 0.93 0.5125 0.956667 0.4925 0.965 0.46 0.963333 0.4525 0.935 0.4725 0.895 0.4825 0.846667 0.49 0.831667
