1 0.59 0.426667 0.54 0.421667 0.4875 0.426667 0.495 0.408333 0.5425 0.413333 0.5975 0.418333
8 0.5875 0.425 0.53 0.423333 0.49 0.423333 0.4875 0.435 0.48 0.45 0.5525 0.46 0.59 0.465 0.66 0.461667 0.655 0.413333 0.6575 0.366667 0.665 0.325 0.665 0.296667 0.6575 0.27 0.645 0.27 0.6225 0.28 0.6425 0.296667 0.65 0.365 0.65 0.425 0.6275 0.453333 0.61 0.46 0.595 0.445 0.5875 0.425 0.595 0.42 0.545 0.413333 0.495 0.405 0.525 0.343333 0.5375 0.296667 0.5375 0.251667 0.555 0.23 0.5825 0.265 0.565 0.3 0.5425 0.345 0.54 0.366667 0.58 0.405 0.595 0.406667 0.595 0.42
12 0.5725 0.218333 0.5825 0.24 0.5925 0.253333 0.6075 0.253333 0.62 0.246667 0.64 0.228333 0.6725 0.248333 0.645 0.268333 0.625 0.278333 0.6425 0.293333 0.6525 0.365 0.6525 0.41 0.6525 0.425 0.6275 0.455 0.61 0.46 0.5925 0.446667 0.5825 0.423333 0.5925 0.42 0.595 0.403333 0.5825 0.401667 0.5375 0.363333 0.5375 0.343333 0.565 0.298333 0.58 0.261667 0.5525 0.23
11 0.565 0.148333 0.6 0.135 0.6375 0.135 0.6725 0.146667 0.6825 0.165 0.6875 0.185 0.67 0.213333 0.7025 0.203333 0.725 0.176667 0.7275 0.151667 0.715 0.13 0.6875 0.11 0.6425 0.1 0.6025 0.0983333 0.5725 0.113333 0.5525 0.135 0.55 0.153333 0.55 0.17
4 0.675 0.253333 0.72 0.271667 0.72 0.265 0.7475 0.265 0.76 0.28 0.76 0.298333 0.73 0.321667 0.725 0.333333 0.7125 0.365 0.72 0.403333 0.72 0.45 0.735 0.47 0.75 0.511667 0.745 0.551667 0.72 0.553333 0.71 0.546667 0.7025 0.546667 0.7025 0.561667 0.6875 0.573333 0.67 0.545 0.665 0.491667 0.6575 0.461667 0.6575 0.41 0.655 0.361667 0.665 0.321667 0.665 0.296667 0.6575 0.27 0.6425 0.266667 0.675 0.25
4 0.5725 0.21 0.5375 0.211667 0.5275 0.208333 0.5125 0.198333 0.485 0.195 0.455 0.203333 0.45 0.22 0.445 0.248333 0.4225 0.281667 0.395 0.333333 0.3775 0.381667 0.38 0.44 0.37 0.476667 0.3675 0.495 0.3575 0.518333 0.3775 0.538333 0.4025 0.545 0.4125 0.53 0.405 0.511667 0.44 0.511667 0.4575 0.511667 0.4825 0.45 0.49 0.421667 0.495 0.405 0.525 0.343333 0.54 0.293333 0.54 0.25 0.5525 0.23 0.5725 0.218333
10 0.6875 0.578333 0.7025 0.618333 0.7025 0.646667 0.6875 0.655 0.63 0.656667 0.61 0.656667 0.545 0.663333 0.5275 0.661667 0.51 0.643333 0.45 0.638333 0.44 0.603333 0.455 0.575 0.44 0.533333 0.455 0.51 0.4825 0.45 0.5575 0.46 0.59 0.465 0.66 0.461667 0.6625 0.49 0.67 0.543333
0 0.4 0.548333 0.3825 0.611667 0.37 0.625 0.3775 0.636667 0.365 0.72 0.36 0.793333 0.3575 0.811667 0.365 0.828333 0.375 0.831667 0.385 0.828333 0.395 0.786667 0.3975 0.696667 0.4125 0.601667 0.41 0.543333
0 0.4 0.776667 0.415 0.788333 0.4475 0.788333 0.4925 0.785 0.5275 0.78 0.55 0.763333 0.5375 0.706667 0.525 0.663333 0.5125 0.643333 0.45 0.638333 0.44 0.601667 0.455 0.575 0.44 0.531667 0.4275 0.513333 0.415 0.511667 0.41 0.53 0.4125 0.541667 0.41 0.603333 0.395 0.695 0.395 0.776667
7 0.55 0.723333 0.58 0.716667 0.6075 0.708333 0.62 0.713333 0.665 0.713333 0.6575 0.683333 0.6525 0.656667 0.6125 0.656667 0.5475 0.663333 0.525 0.661667 0.5375 0.706667 0.545 0.725
2 0.625 0.873333 0.6225 0.9 0.5925 0.923333 0.5525 0.923333 0.535 0.918333 0.54 0.898333 0.56 0.866667 0.5525 0.851667 0.55 0.836667 0.5775 0.821667
2 0.65 0.786667 0.6375 0.77 0.6125 0.713333 0.62 0.711667 0.67 0.715 0.6675 0.721667 0.65 0.786667 0.6475 0.786667 0.6375 0.766667 0.6125 0.708333 0.58 0.716667 0.545 0.721667 0.5475 0.77 0.57 0.806667 0.5775 0.821667 0.625 0.871667 0.6375 0.903333 0.665 0.913333 0.68 0.926667 0.7125 0.936667 0.7475 0.935 0.76 0.928333 0.7725 0.915 0.7425 0.891667 0.6875 0.855 0.665 0.816667 0.6475 0.786667
