3 0.48 0.808333 0.495 0.808333 0.5125 0.803333 0.5225 0.793333 0.54 0.825 0.5525 0.848333 0.5375 0.883333 0.5125 0.9 0.505 0.893333 0.4975 0.868333 0.49 0.85 0.4825 0.845 0.475 0.81
3 0.48 0.808333 0.495 0.808333 0.5125 0.803333 0.5225 0.793333 0.54 0.825 0.5525 0.848333 0.5375 0.883333 0.5125 0.9 0.505 0.893333 0.4975 0.868333 0.49 0.85 0.4825 0.845 0.475 0.81
12 0.7625 0.518333 0.7475 0.5 0.72 0.481667 0.68 0.476667 0.65 0.476667 0.655 0.468333 0.6675 0.456667 0.675 0.441667 0.6825 0.428333 0.6975 0.416667 0.705 0.415 0.715 0.423333 0.7275 0.423333 0.7375 0.43 0.75 0.448333 0.76 0.455 0.78 0.468333 0.785 0.481667 0.7725 0.503333 0.765 0.51
0 0.6225 0.43 0.64 0.468333 0.6125 0.495 0.61 0.521667 0.63 0.556667 0.655 0.571667 0.68 0.568333 0.72 0.558333 0.76 0.545 0.765 0.518333 0.7475 0.498333 0.7225 0.481667 0.68 0.476667 0.65 0.475 0.655 0.465 0.6625 0.458333 0.63 0.43 0.6225 0.43 0.62 0.365 0.6925 0.373333 0.705 0.368333 0.6925 0.313333 0.6875 0.316667 0.6925 0.373333 0.62 0.365 0.63 0.27 0.635 0.251667 0.6475 0.233333 0.63 0.243333 0.615 0.273333 0.6125 0.361667 0.62 0.365
8 0.61 0.388333 0.585 0.395 0.565 0.403333 0.575 0.416667 0.59 0.42 0.6075 0.43 0.62 0.43 0.635 0.426667 0.665 0.416667 0.6725 0.41 0.695 0.405 0.6975 0.415 0.6825 0.428333 0.6775 0.441667 0.6675 0.455 0.6625 0.456667 0.63 0.43 0.625 0.438333 0.61 0.44 0.605 0.445 0.555 0.451667 0.525 0.441667 0.5 0.436667 0.48 0.436667 0.455 0.448333 0.435 0.436667 0.4275 0.403333 0.435 0.365 0.4425 0.323333 0.4525 0.318333 0.45 0.346667 0.46 0.363333 0.48 0.335 0.495 0.316667 0.535 0.306667 0.535 0.33 0.5625 0.335 0.5825 0.316667 0.6 0.315 0.595 0.295 0.595 0.26 0.605 0.24 0.61 0.233333 0.635 0.231667 0.6375 0.236667 0.62 0.25 0.61 0.261667 0.615 0.283333 0.61 0.321667 0.605 0.345 0.6075 0.358333 0.615 0.366667 0.61 0.388333 0.635 0.388333 0.6525 0.356667 0.665 0.323333 0.6825 0.31 0.6875 0.315 0.6925 0.373333 0.68 0.381667 0.645 0.391667 0.635 0.388333
9 0.455 0.451667 0.455 0.488333 0.4525 0.501667 0.44 0.525 0.4325 0.538333 0.4625 0.55 0.5225 0.56 0.5325 0.546667 0.5925 0.543333 0.6225 0.543333 0.6125 0.523333 0.6125 0.493333 0.64 0.468333 0.625 0.436667 0.61 0.438333 0.6075 0.445 0.555 0.45 0.525 0.44 0.4975 0.436667 0.48 0.436667 0.455 0.448333
1 0.48 0.455 0.505 0.453333 0.5025 0.436667 0.4775 0.435 0.4725 0.45
6 0.4775 0.143333 0.4975 0.143333 0.505 0.15 0.51 0.15 0.52 0.14 0.55 0.141667 0.565 0.145 0.5725 0.153333 0.5575 0.153333 0.555 0.165 0.54 0.168333 0.5225 0.168333 0.5125 0.156667 0.505 0.156667 0.5 0.171667 0.48 0.173333 0.4725 0.168333 0.4725 0.153333
8 0.6275 0.323333 0.6625 0.326667 0.655 0.356667 0.645 0.371667 0.615 0.37 0.62 0.365 0.625 0.323333
3 0.56 0.833333 0.575 0.838333 0.6 0.84 0.615 0.84 0.6125 0.873333 0.625 0.881667 0.63 0.913333 0.6275 0.925 0.605 0.93 0.5825 0.928333 0.56 0.936667 0.5 0.941667 0.465 0.935 0.4575 0.931667 0.4625 0.925 0.4875 0.913333 0.5125 0.898333 0.5375 0.883333 0.5575 0.838333 0.56 0.833333 0.56 0.833333 0.575 0.838333 0.6 0.84 0.615 0.84 0.6125 0.873333 0.625 0.881667 0.63 0.913333 0.6275 0.925 0.605 0.93 0.5825 0.928333 0.56 0.936667 0.5 0.941667 0.465 0.935 0.4575 0.931667 0.4625 0.925 0.4875 0.913333 0.5125 0.898333 0.5375 0.883333 0.5575 0.838333 0.56 0.833333
