9 0.4575 0.486667 0.515 0.48 0.54 0.483333 0.56 0.481667 0.575 0.476667 0.62 0.475 0.62 0.488333 0.6275 0.498333 0.64 0.505 0.6625 0.533333 0.68 0.575 0.68 0.595 0.645 0.595 0.61 0.6 0.5675 0.603333 0.545 0.61 0.5475 0.593333 0.545 0.585 0.535 0.595 0.5375 0.605 0.5075 0.605 0.4825 0.603333 0.455 0.601667 0.4175 0.596667 0.4125 0.585 0.4275 0.561667 0.425 0.535 0.43 0.516667
1 0.465 0.466667 0.4825 0.47 0.5125 0.473333 0.5275 0.47 0.535 0.466667 0.55 0.466667 0.56 0.466667 0.5675 0.468333 0.585 0.468333 0.6075 0.468333 0.6175 0.468333 0.6175 0.473333 0.615 0.476667 0.6 0.476667 0.58 0.478333 0.5675 0.478333 0.555 0.481667 0.54 0.483333 0.5175 0.481667 0.5025 0.481667 0.4825 0.481667 0.465 0.483333 0.455 0.483333 0.455 0.476667 0.4625 0.473333
11 0.4625 0.173333 0.475 0.155 0.49 0.143333 0.505 0.131667 0.5225 0.126667 0.545 0.121667 0.5725 0.121667 0.6025 0.126667 0.6225 0.136667 0.6425 0.155 0.65 0.173333 0.65 0.196667 0.6375 0.211667 0.625 0.21 0.6225 0.198333 0.6225 0.173333 0.6025 0.153333 0.575 0.145 0.545 0.143333 0.5175 0.155 0.5025 0.175 0.4925 0.196667 0.4825 0.22 0.47 0.206667 0.4625 0.198333
8 0.5325 0.303333 0.545 0.303333 0.56 0.308333 0.5775 0.31 0.5725 0.33 0.565 0.351667 0.56 0.38 0.555 0.393333 0.545 0.391667 0.54 0.376667 0.5325 0.331667
8 0.3925 0.323333 0.3875 0.333333 0.3925 0.34 0.405 0.336667 0.4175 0.325 0.43 0.31 0.4375 0.305 0.435 0.355 0.4325 0.408333 0.4275 0.408333 0.4175 0.41 0.4 0.41 0.3875 0.41 0.39 0.375 0.3875 0.368333
8 0.63 0.378333 0.645 0.365 0.65 0.351667 0.6525 0.333333 0.6575 0.338333 0.6725 0.365 0.6775 0.366667 0.68 0.356667 0.68 0.345 0.6875 0.371667 0.69 0.396667 0.69 0.426667 0.67 0.428333 0.65 0.428333 0.655 0.46 0.6425 0.43 0.63 0.4
3 0.5825 0.85 0.59 0.855 0.625 0.853333 0.6225 0.866667 0.6325 0.886667 0.6275 0.908333 0.6375 0.945 0.63 0.948333 0.615 0.943333 0.5975 0.943333 0.5875 0.95 0.6 0.955 0.6175 0.955 0.635 0.95 0.64 0.95 0.6275 0.973333 0.6175 0.973333 0.6025 0.971667 0.59 0.971667 0.5775 0.961667 0.5725 0.935 0.575 0.911667 0.575 0.891667 0.5725 0.875 0.58 0.853333
3 0.4775 0.86 0.4875 0.865 0.4925 0.86 0.5125 0.858333 0.515 0.863333 0.5175 0.856667 0.5225 0.861667 0.5225 0.878333 0.53 0.88 0.535 0.886667 0.5375 0.89 0.5325 0.895 0.5475 0.911667 0.5325 0.901667 0.5275 0.908333 0.5375 0.916667 0.535 0.923333 0.5425 0.933333 0.5475 0.946667 0.55 0.955 0.5425 0.973333 0.535 0.975 0.5175 0.975 0.5025 0.973333 0.4875 0.971667 0.4875 0.953333 0.5 0.956667 0.5175 0.96 0.54 0.958333 0.55 0.948333 0.53 0.946667 0.4875 0.953333 0.4825 0.953333 0.48 0.943333 0.48 0.916667 0.475 0.901667 0.4775 0.881667 0.4675 0.88 0.4625 0.876667 0.4625 0.871667 0.47 0.87 0.4825 0.87 0.4825 0.871667 0.465 0.873333 0.47 0.876667 0.48 0.878333 0.4875 0.873333 0.48 0.868333 0.4775 0.865
0 0.4325 0.441667 0.43 0.475 0.4225 0.501667 0.44 0.456667 0.445 0.39 0.4525 0.296667 0.4525 0.28 0.4475 0.273333 0.43 0.271667 0.41 0.276667 0.4075 0.28 0.425 0.275 0.4375 0.281667 0.4375 0.316667 0.4375 0.38 0.4325 0.441667 0.3875 0.431667 0.3825 0.478333 0.3825 0.523333 0.385 0.541667 0.365 0.566667 0.355 0.586667 0.355 0.606667 0.36 0.606667 0.365 0.605 0.3625 0.593333 0.37 0.598333 0.3925 0.608333 0.4 0.601667 0.4125 0.603333 0.41 0.596667 0.4025 0.585 0.42 0.57 0.4275 0.571667 0.4325 0.598333 0.4425 0.628333 0.4425 0.648333 0.4 0.666667 0.385 0.668333 0.3575 0.661667 0.325 0.648333 0.3025 0.626667 0.2975 0.603333 0.29 0.578333 0.295 0.54 0.29 0.53 0.3 0.516667 0.315 0.503333 0.335 0.491667 0.345 0.486667 0.355 0.466667 0.37 0.465 0.3875 0.383333 0.39 0.406667 0.3875 0.431667
8 0.46 0.29 0.455 0.27 0.4675 0.268333 0.4875 0.286667 0.4975 0.3 0.5175 0.32 0.5275 0.365 0.5375 0.391667 0.555 0.403333 0.5475 0.425 0.5275 0.436667 0.53 0.455 0.5525 0.46 0.565 0.453333 0.58 0.433333 0.57 0.411667 0.56 0.393333 0.5725 0.365 0.58 0.336667 0.5825 0.311667 0.595 0.34 0.59 0.366667 0.6125 0.401667 0.62 0.413333 0.6225 0.401667 0.62 0.383333 0.6375 0.418333 0.655 0.466667 0.6825 0.515 0.695 0.541667 0.6875 0.555 0.68 0.57 0.6675 0.54 0.62 0.485 0.59 0.466667 0.555 0.466667 0.52 0.471667 0.49 0.468333 0.465 0.471667 0.45 0.483333 0.4425 0.511667 0.42 0.531667 0.435 0.473333 0.4475 0.436667 0.4525 0.341667
