3 0.3925 0.81 0.3825 0.815 0.375 0.828333 0.375 0.84 0.3825 0.86 0.385 0.873333 0.3875 0.871667 0.39 0.855 0.3925 0.853333 0.4025 0.868333 0.4075 0.888333 0.415 0.905 0.43 0.911667 0.445 0.915 0.4575 0.913333 0.4625 0.908333 0.4575 0.901667 0.46 0.895 0.4575 0.883333 0.45 0.878333 0.445 0.876667 0.44 0.883333 0.42 0.886667 0.4125 0.89 0.405 0.871667 0.395 0.841667 0.3925 0.821667
3 0.47 0.878333 0.46 0.888333 0.46 0.893333 0.4575 0.901667 0.4625 0.906667 0.4725 0.915 0.4775 0.921667 0.485 0.933333 0.4875 0.94 0.49 0.933333 0.495 0.94 0.51 0.956667 0.52 0.968333 0.53 0.976667 0.5475 0.98 0.565 0.98 0.585 0.978333 0.595 0.973333 0.59 0.958333 0.58 0.945 0.5675 0.94 0.565 0.938333 0.5625 0.946667 0.53 0.963333 0.5125 0.953333 0.485 0.916667 0.4725 0.888333
5 0.5025 0.408333 0.49 0.411667 0.485 0.433333 0.4775 0.451667 0.4575 0.483333 0.45 0.508333 0.4325 0.546667 0.4225 0.563333 0.41 0.56 0.38 0.548333 0.35 0.543333 0.33 0.535 0.3375 0.598333 0.34 0.608333 0.34 0.615 0.34 0.618333 0.35 0.618333 0.3475 0.626667 0.3575 0.626667 0.3575 0.63 0.37 0.63 0.3775 0.628333 0.3875 0.63 0.395 0.63 0.4 0.633333 0.4175 0.631667 0.42 0.635 0.44 0.63 0.4525 0.631667 0.4575 0.625 0.4775 0.618333 0.4875 0.613333 0.4875 0.611667 0.4925 0.606667 0.495 0.601667 0.5025 0.598333 0.5 0.593333 0.5075 0.595 0.51 0.586667 0.5175 0.586667 0.52 0.58 0.53 0.581667 0.5325 0.575 0.54 0.576667 0.5325 0.556667 0.525 0.54 0.53 0.54 0.5225 0.523333 0.525 0.52 0.5225 0.505 0.5225 0.501667 0.52 0.491667 0.525 0.49 0.5175 0.471667 0.5125 0.463333 0.5025 0.456667 0.5025 0.44 0.5025 0.425 0.5075 0.418333 0.5075 0.408333 0.5025 0.408333 0.4975 0.353333 0.515 0.351667 0.51 0.33 0.5125 0.318333 0.5175 0.318333 0.52 0.313333 0.5225 0.313333 0.515 0.305 0.5125 0.311667 0.5025 0.311667 0.48 0.311667 0.4875 0.32 0.4975 0.331667 0.4975 0.34 0.4925 0.346667 0.4975 0.353333
0 0.34 0.428333 0.335 0.428333 0.3275 0.435 0.32 0.46 0.31 0.478333 0.305 0.481667 0.3 0.473333 0.3 0.468333 0.3075 0.463333 0.3025 0.455 0.305 0.441667 0.305 0.433333 0.3 0.431667 0.295 0.455 0.29 0.46 0.29 0.471667 0.2875 0.475 0.2775 0.476667 0.2575 0.486667 0.25 0.495 0.245 0.518333 0.2425 0.531667 0.24 0.538333 0.24 0.548333 0.245 0.556667 0.25 0.558333 0.245 0.585 0.245 0.595 0.25 0.595 0.2575 0.598333 0.255 0.605 0.2625 0.595 0.2675 0.601667 0.3 0.601667 0.3275 0.601667 0.3375 0.598333 0.3325 0.558333 0.33 0.533333 0.33 0.518333 0.3175 0.501667 0.3125 0.496667 0.315 0.486667 0.325 0.465 0.3325 0.443333 0.34 0.428333 0.3525 0.386667 0.36 0.385 0.3825 0.333333 0.3925 0.305 0.39 0.286667 0.3775 0.321667 0.365 0.351667 0.36 0.36 0.36 0.371667 0.3525 0.386667
4 0.375 0.245 0.35 0.246667 0.34 0.246667 0.32 0.255 0.315 0.265 0.3125 0.28 0.3075 0.295 0.2925 0.32 0.2875 0.333333 0.285 0.346667 0.2825 0.371667 0.285 0.395 0.28 0.41 0.285 0.42 0.2875 0.425 0.2875 0.431667 0.2975 0.428333 0.3025 0.431667 0.3125 0.436667 0.3225 0.438333 0.33 0.428333 0.315 0.426667 0.3175 0.403333 0.335 0.386667 0.3425 0.385 0.355 0.386667 0.36 0.37 0.36 0.36 0.3625 0.353333 0.39 0.286667 0.3875 0.275 0.3875 0.268333 0.3775 0.25
4 0.3975 0.31 0.395 0.351667 0.3975 0.37 0.4025 0.38 0.4025 0.383333 0.3825 0.386667 0.36 0.385 0.385 0.331667 0.395 0.303333
4 0.44 0.358333 0.44 0.366667 0.435 0.371667 0.435 0.381667 0.46 0.375 0.465 0.371667 0.46 0.365 0.45 0.365 0.445 0.356667
4 0.48 0.408333 0.4375 0.41 0.3975 0.421667 0.3575 0.428333 0.3425 0.425 0.325 0.466667 0.3125 0.49 0.3125 0.496667 0.3175 0.501667 0.33 0.52 0.33 0.535 0.3475 0.541667 0.38 0.548333 0.4225 0.563333 0.435 0.546667 0.45 0.508333 0.4575 0.483333 0.4775 0.451667 0.485 0.433333 0.4875 0.41 0.495 0.408333
4 0.4725 0.236667 0.4925 0.27 0.51 0.296667 0.5225 0.308333 0.5275 0.311667 0.5325 0.31 0.5075 0.281667 0.5 0.246667 0.4975 0.238333 0.485 0.235 0.48 0.231667 0.47 0.23
4 0.5275 0.27 0.5325 0.286667 0.54 0.305 0.545 0.313333 0.56 0.313333 0.575 0.315 0.585 0.323333 0.5875 0.336667 0.585 0.331667 0.5875 0.336667 0.59 0.336667 0.605 0.331667 0.605 0.326667 0.585 0.313333 0.5725 0.301667 0.5525 0.286667 0.54 0.271667 0.53 0.266667
4 0.5475 0.518333 0.5425 0.501667 0.5425 0.488333 0.525 0.486667 0.5125 0.461667 0.5025 0.455 0.505 0.438333 0.5025 0.425 0.5075 0.415 0.5075 0.408333 0.535 0.408333 0.5475 0.408333 0.555 0.401667 0.5575 0.415 0.5525 0.44 0.5525 0.455 0.555 0.481667 0.555 0.501667 0.555 0.513333 0.555 0.516667
