12 0.4725 0.36 0.495 0.36 0.505 0.356667 0.53 0.355 0.545 0.348333 0.5575 0.338333 0.5725 0.338333 0.57 0.361667 0.5675 0.373333 0.5875 0.37 0.605 0.371667 0.605 0.361667 0.625 0.36 0.635 0.363333 0.6425 0.315 0.6475 0.291667 0.6425 0.263333 0.6425 0.243333 0.6425 0.233333 0.64 0.223333 0.6425 0.216667 0.6475 0.21 0.645 0.193333 0.635 0.185 0.63 0.19 0.6225 0.21 0.6075 0.221667 0.5825 0.226667 0.5675 0.228333 0.5575 0.223333 0.5475 0.205 0.535 0.191667 0.5125 0.195 0.505 0.201667 0.5025 0.215 0.5 0.243333 0.4825 0.301667 0.475 0.338333
6 0.5225 0.133333 0.5475 0.133333 0.555 0.126667 0.5625 0.116667 0.5675 0.116667 0.5775 0.123333 0.5875 0.128333 0.605 0.128333 0.615 0.123333 0.605 0.116667 0.605 0.111667 0.6025 0.106667 0.58 0.106667 0.5725 0.11 0.56 0.11 0.5375 0.11 0.5175 0.115 0.51 0.118333 0.5125 0.14 0.52 0.145 0.52 0.135
0 0.385 0.618333 0.41 0.616667 0.42 0.613333 0.4325 0.585 0.445 0.551667 0.45 0.53 0.4525 0.505 0.4525 0.488333 0.455 0.481667 0.455 0.448333 0.4575 0.433333 0.465 0.423333 0.465 0.413333 0.4625 0.406667 0.4725 0.353333 0.48 0.308333 0.4875 0.271667 0.5 0.245 0.5025 0.218333 0.4975 0.211667 0.48 0.21 0.4775 0.248333 0.455 0.31 0.4425 0.361667 0.435 0.415 0.43 0.46 0.4275 0.466667 0.4125 0.468333 0.4125 0.483333 0.395 0.481667 0.385 0.483333 0.39 0.496667 0.3925 0.51 0.3725 0.501667 0.37 0.511667 0.3725 0.521667 0.3625 0.523333 0.3575 0.513333 0.3525 0.523333 0.3425 0.525 0.34 0.496667 0.3475 0.483333 0.35 0.476667 0.355 0.466667 0.36 0.46 0.3425 0.465 0.335 0.473333 0.3375 0.481667 0.33 0.481667 0.32 0.491667 0.3275 0.495 0.32 0.5 0.315 0.511667 0.2975 0.521667 0.3 0.53 0.2875 0.548333 0.28 0.573333 0.2825 0.605 0.29 0.611667 0.3025 0.611667 0.3075 0.618333 0.32 0.62 0.3325 0.606667 0.34 0.6 0.3575 0.61 0.3725 0.616667
1 0.575 0.473333 0.615 0.468333 0.645 0.465 0.6775 0.455 0.675 0.435 0.655 0.441667 0.615 0.45 0.565 0.456667 0.515 0.453333 0.455 0.445 0.455 0.465 0.49 0.471667 0.54 0.475
8 0.575 0.473333 0.5375 0.475 0.4875 0.471667 0.4525 0.465 0.455 0.481667 0.455 0.491667 0.4875 0.506667 0.52 0.523333 0.5475 0.53 0.5525 0.521667 0.56 0.526667 0.5675 0.528333 0.5825 0.523333 0.62 0.521667 0.66 0.511667 0.675 0.496667 0.69 0.48 0.68 0.463333 0.675 0.455 0.645 0.465 0.615 0.468333 0.575 0.473333 0.565 0.456667 0.515 0.453333 0.4525 0.445 0.4575 0.433333 0.465 0.423333 0.465 0.413333 0.4625 0.406667 0.4725 0.36 0.495 0.36 0.505 0.356667 0.53 0.355 0.545 0.348333 0.55 0.35 0.555 0.351667 0.5575 0.345 0.5575 0.338333 0.5725 0.338333 0.57 0.363333 0.5675 0.373333 0.5875 0.37 0.605 0.373333 0.605 0.361667 0.625 0.36 0.635 0.363333 0.6425 0.315 0.6475 0.29 0.6475 0.28 0.655 0.318333 0.6575 0.345 0.6625 0.383333 0.6675 0.411667 0.675 0.435 0.655 0.441667 0.615 0.45 0.565 0.456667
7 0.595 0.773333 0.6275 0.77 0.6575 0.768333 0.6775 0.761667 0.6775 0.738333 0.675 0.728333 0.6725 0.725 0.67 0.676667 0.675 0.608333 0.6825 0.568333 0.685 0.556667 0.69 0.556667 0.6975 0.543333 0.695 0.535 0.7 0.515 0.69 0.483333 0.675 0.496667 0.66 0.511667 0.62 0.521667 0.5825 0.523333 0.5675 0.528333 0.56 0.526667 0.5525 0.521667 0.5475 0.53 0.52 0.523333 0.4875 0.506667 0.4525 0.491667 0.4525 0.506667 0.45 0.533333 0.44 0.563333 0.42 0.613333 0.41 0.616667 0.3875 0.62 0.375 0.64 0.37 0.656667 0.3575 0.666667 0.345 0.681667 0.34 0.695 0.33 0.71 0.3225 0.713333 0.305 0.736667 0.3125 0.746667 0.335 0.755 0.3875 0.765 0.4075 0.766667 0.42 0.753333 0.425 0.728333 0.4275 0.721667 0.4625 0.67 0.48 0.636667 0.5025 0.611667 0.51 0.591667 0.535 0.563333 0.5575 0.546667 0.5625 0.543333 0.5675 0.55 0.5675 0.558333 0.5725 0.593333 0.5775 0.606667 0.5775 0.636667 0.575 0.675 0.575 0.723333 0.57 0.73 0.57 0.758333 0.585 0.77
3 0.555 0.903333 0.5775 0.905 0.6025 0.898333 0.615 0.88 0.6175 0.863333 0.6275 0.828333 0.6225 0.821667 0.605 0.833333 0.59 0.836667 0.58 0.835 0.5725 0.825 0.565 0.835 0.5575 0.861667 0.5525 0.878333 0.5425 0.891667 0.5425 0.9 0.5475 0.9
3 0.2975 0.906667 0.3225 0.906667 0.3325 0.9 0.335 0.881667 0.34 0.861667 0.345 0.84 0.345 0.83 0.3375 0.826667 0.32 0.835 0.3075 0.835 0.2975 0.825 0.3 0.811667 0.29 0.816667 0.285 0.838333 0.28 0.866667 0.2725 0.893333 0.2775 0.905 0.29 0.906667
4 0.48 0.21 0.4775 0.248333 0.455 0.31 0.4425 0.363333 0.435 0.416667 0.43 0.46 0.4275 0.468333 0.41 0.468333 0.405 0.461667 0.415 0.438333 0.4225 0.413333 0.425 0.388333 0.4175 0.406667 0.4125 0.425 0.405 0.443333 0.3975 0.438333 0.3725 0.436667 0.3625 0.445 0.365 0.415 0.37 0.375 0.3775 0.343333 0.3825 0.331667 0.4 0.293333 0.4175 0.256667 0.4275 0.235 0.43 0.225 0.45 0.215 0.47 0.208333 0.48 0.21 0.645 0.213333 0.6525 0.22 0.665 0.226667 0.66 0.253333 0.665 0.283333 0.67 0.328333 0.6725 0.345 0.685 0.388333 0.6975 0.441667 0.705 0.483333 0.71 0.523333 0.7225 0.54 0.7275 0.54 0.7375 0.546667 0.74 0.558333 0.7525 0.545 0.7525 0.531667 0.7425 0.511667 0.735 0.486667 0.7225 0.456667 0.7125 0.426667 0.7075 0.406667 0.7025 0.393333 0.7025 0.358333 0.7 0.311667 0.6975 0.29 0.7125 0.293333 0.7275 0.296667 0.7575 0.295 0.78 0.286667 0.79 0.276667 0.7775 0.25 0.7625 0.233333 0.7475 0.215 0.735 0.205 0.725 0.193333 0.7175 0.183333 0.705 0.173333 0.6875 0.178333 0.6725 0.19 0.675 0.2 0.685 0.213333 0.6925 0.221667 0.68 0.223333 0.6725 0.215 0.6625 0.211667 0.645 0.213333
4 0.7225 0.57 0.7325 0.568333 0.72 0.543333 0.7225 0.538333 0.7075 0.521667 0.705 0.481667 0.6975 0.441667 0.685 0.388333 0.6725 0.346667 0.67 0.328333 0.665 0.283333 0.66 0.253333 0.65 0.24 0.6475 0.23 0.6425 0.235 0.645 0.263333 0.65 0.28 0.655 0.318333 0.6575 0.345 0.6625 0.383333 0.6675 0.411667 0.675 0.435 0.6775 0.456667 0.69 0.48 0.7 0.513333 0.695 0.535 0.6975 0.543333 0.69 0.556667 0.705 0.563333
