12 0.415 0.441667 0.4375 0.46 0.47 0.473333 0.48 0.461667 0.48 0.416667 0.475 0.298333 0.485 0.288333 0.4925 0.341667 0.5025 0.36 0.53 0.368333 0.53 0.303333 0.53 0.27 0.53 0.265 0.5375 0.246667 0.5275 0.22 0.5025 0.206667 0.4925 0.186667 0.465 0.226667 0.45 0.255 0.425 0.291667 0.4375 0.31 0.4375 0.346667 0.4325 0.37 0.435 0.388333 0.42 0.406667 0.415 0.441667 0.41 0.44 0.41 0.415 0.4 0.391667 0.4125 0.383333 0.4175 0.366667 0.415 0.313333 0.4225 0.281667 0.42 0.265 0.4125 0.191667 0.4 0.208333 0.3875 0.235 0.385 0.281667 0.375 0.305 0.3525 0.325 0.35 0.31 0.365 0.285 0.3525 0.241667 0.34 0.273333 0.335 0.306667 0.3325 0.325 0.34 0.368333 0.345 0.396667 0.3475 0.411667 0.3475 0.44 0.365 0.433333 0.365 0.435 0.3625 0.451667 0.375 0.47 0.385 0.473333 0.41 0.44
0 0.6775 0.741667 0.655 0.656667 0.6375 0.656667 0.625 0.648333 0.6075 0.653333 0.5875 0.586667 0.585 0.593333 0.595 0.633333 0.6025 0.655 0.59 0.66 0.585 0.605 0.585 0.59 0.5775 0.593333 0.5825 0.661667 0.5625 0.67 0.5575 0.625 0.5575 0.598333 0.5375 0.601667 0.535 0.668333 0.5325 0.68 0.5 0.696667 0.5 0.751667 0.5 0.811667 0.505 0.836667 0.5675 0.856667 0.5975 0.843333 0.665 0.806667 0.6875 0.795 0.6775 0.738333
4 0.48 0.416667 0.48 0.465 0.48 0.475 0.495 0.471667 0.5125 0.463333 0.555 0.443333 0.5475 0.405 0.5525 0.388333 0.56 0.416667 0.555 0.445 0.5525 0.476667 0.5575 0.503333 0.55 0.52 0.54 0.531667 0.5575 0.541667 0.59 0.548333 0.61 0.555 0.6225 0.478333 0.6375 0.388333 0.65 0.305 0.65 0.26 0.6475 0.255 0.64 0.225 0.6275 0.213333 0.595 0.205 0.5675 0.196667 0.58 0.223333 0.59 0.246667 0.59 0.276667 0.5875 0.303333 0.595 0.328333 0.5925 0.346667 0.575 0.34 0.565 0.366667 0.5625 0.345 0.5475 0.36 0.5525 0.331667 0.5475 0.331667 0.54 0.351667 0.53 0.365 0.5275 0.368333 0.5025 0.36 0.49 0.341667 0.485 0.286667 0.475 0.298333 0.48 0.416667 0.31 0.386667 0.3075 0.376667 0.305 0.386667 0.2925 0.396667 0.3 0.375 0.2825 0.371667 0.29 0.355 0.29 0.303333 0.295 0.261667 0.305 0.24 0.3275 0.21 0.31 0.22 0.2925 0.238333 0.29 0.256667 0.285 0.255 0.2825 0.233333 0.3175 0.201667 0.3175 0.193333 0.3175 0.19 0.295 0.203333 0.2825 0.216667 0.27 0.23 0.275 0.235 0.27 0.283333 0.26 0.308333 0.2575 0.328333 0.235 0.358333 0.225 0.401667 0.22 0.43 0.205 0.451667 0.1875 0.461667 0.1925 0.486667 0.1975 0.503333 0.215 0.503333 0.245 0.503333 0.28 0.505 0.2875 0.466667 0.3025 0.421667 0.2975 0.398333 0.31 0.386667
4 0.4275 0.47 0.43 0.485 0.4325 0.491667 0.465 0.495 0.5 0.493333 0.5 0.493333 0.5225 0.496667 0.5375 0.495 0.5475 0.485 0.5425 0.475 0.5425 0.463333 0.5475 0.456667 0.5525 0.445 0.5125 0.461667 0.4975 0.471667 0.4825 0.475 0.4775 0.461667 0.47 0.473333 0.4375 0.461667 0.4175 0.443333 0.415 0.45 0.4275 0.47 0.3875 0.471667 0.3775 0.47 0.3625 0.451667 0.3625 0.431667 0.3475 0.441667 0.345 0.411667 0.345 0.395 0.34 0.366667 0.3325 0.323333 0.3325 0.31 0.32 0.33 0.33 0.376667 0.3175 0.376667 0.3025 0.421667 0.2875 0.466667 0.315 0.475 0.345 0.483333 0.3625 0.483333 0.355 0.483333 0.37 0.485 0.3825 0.485 0.3875 0.471667
11 0.505 0.0566667 0.4975 0.035 0.47 0.00666667 0.455 0 0.43 0 0.415 0.00333333 0.3925 0.01 0.3675 0.00666667 0.365 0.02 0.355 0.0383333 0.355 0.0683333 0.355 0.0883333 0.34 0.105 0.31 0.121667 0.3225 0.126667 0.345 0.128333 0.3675 0.115 0.4075 0.111667 0.435 0.106667 0.485 0.0866667 0.505 0.085 0.5275 0.09 0.5475 0.0783333 0.5475 0.0416667 0.51 0.0566667
8 0.3825 0.55 0.415 0.555 0.4625 0.556667 0.485 0.556667 0.5125 0.546667 0.54 0.531667 0.55 0.52 0.545 0.503333 0.5475 0.496667 0.545 0.486667 0.535 0.496667 0.5225 0.496667 0.5 0.49 0.495 0.493333 0.4625 0.493333 0.435 0.491667 0.43 0.483333 0.4275 0.47 0.415 0.45 0.415 0.44 0.41 0.44 0.3875 0.47 0.3825 0.485 0.36 0.483333 0.345 0.483333 0.3125 0.475 0.2875 0.466667 0.2875 0.485 0.2775 0.508333 0.285 0.526667 0.305 0.538333 0.3825 0.551667
7 0.445 0.835 0.45 0.813333 0.44 0.798333 0.4325 0.766667 0.44 0.763333 0.4375 0.738333 0.425 0.685 0.43 0.671667 0.4225 0.621667 0.42 0.601667 0.4225 0.575 0.44 0.615 0.46 0.678333 0.465 0.68 0.4825 0.716667 0.4975 0.735 0.4975 0.731667 0.5 0.726667 0.5 0.698333 0.5325 0.68 0.5375 0.601667 0.525 0.601667 0.53 0.591667 0.54 0.575 0.5425 0.56 0.53 0.551667 0.52 0.546667 0.52 0.543333 0.51 0.546667 0.485 0.556667 0.465 0.556667 0.415 0.555 0.3825 0.55 0.3075 0.538333 0.285 0.528333 0.3 0.561667 0.315 0.601667 0.33 0.633333 0.3325 0.648333 0.3425 0.668333 0.35 0.703333 0.3675 0.748333 0.3675 0.763333 0.3875 0.801667 0.3975 0.833333 0.41 0.843333 0.435 0.84 0.445 0.835 0.5975 0.843333 0.625 0.83 0.625 0.845 0.6125 0.85 0.5975 0.843333
3 0.63 0.876667 0.6275 0.856667 0.625 0.845 0.6125 0.85 0.5975 0.843333 0.5725 0.855 0.575 0.873333 0.575 0.896667 0.5825 0.918333 0.5925 0.928333 0.6125 0.928333 0.6225 0.9 0.6275 0.881667 0.6275 0.878333
3 0.4325 0.861667 0.4425 0.836667 0.4325 0.84 0.41 0.843333 0.395 0.83 0.39 0.85 0.385 0.861667 0.3675 0.875 0.37 0.905 0.37 0.916667 0.395 0.918333 0.4225 0.883333 0.43 0.871667 0.43 0.863333
12 0.315 0.648333 0.3125 0.61 0.3 0.561667 0.2825 0.526667 0.2775 0.53 0.28 0.546667 0.2675 0.548333 0.26 0.545 0.2675 0.565 0.2575 0.566667 0.2375 0.555 0.235 0.583333 0.2425 0.641667 0.245 0.678333 0.2425 0.708333 0.24 0.736667 0.2625 0.761667 0.275 0.765 0.29 0.76 0.2825 0.738333 0.2925 0.746667 0.3025 0.756667 0.3125 0.728333 0.31 0.686667 0.3175 0.683333 0.3175 0.65
