6 0.4775 0.168333 0.445 0.18 0.395 0.175 0.385 0.198333 0.415 0.208333 0.4475 0.191667 0.4775 0.205 0.5 0.186667 0.5025 0.183333
0 0.29 0.488333 0.2675 0.528333 0.28 0.543333 0.275 0.56 0.29 0.573333 0.305 0.573333 0.3175 0.541667 0.33 0.51 0.31 0.491667
4 0.4825 0.276667 0.475 0.303333 0.475 0.346667 0.485 0.398333 0.4975 0.445 0.515 0.493333 0.5275 0.496667 0.5475 0.473333 0.5625 0.465 0.5625 0.491667 0.575 0.52 0.57 0.538333 0.58 0.545 0.6075 0.545 0.625 0.536667 0.6225 0.51 0.6175 0.451667 0.6175 0.4 0.605 0.35 0.5975 0.308333 0.5825 0.275 0.53 0.258333 0.4775 0.251667 0.4825 0.276667 0.44 0.285 0.4175 0.27 0.3775 0.285 0.375 0.248333 0.3425 0.258333 0.3175 0.256667 0.31 0.266667 0.2875 0.285 0.275 0.33 0.265 0.401667 0.25 0.436667 0.2325 0.483333 0.2325 0.496667 0.2275 0.518333 0.2575 0.525 0.2725 0.521667 0.2875 0.485 0.3075 0.485 0.3425 0.523333 0.35 0.38 0.3425 0.35 0.375 0.305 0.39 0.326667 0.4175 0.32 0.4225 0.296667 0.44 0.285
7 0.315 0.62 0.33 0.69 0.33 0.715 0.32 0.736667 0.3175 0.766667 0.34 0.835 0.3575 0.843333 0.3775 0.838333 0.385 0.8 0.4 0.771667 0.395 0.736667 0.4125 0.703333 0.425 0.623333
7 0.45 0.621667 0.4525 0.686667 0.4625 0.71 0.455 0.74 0.4675 0.786667 0.4675 0.81 0.4675 0.823333 0.4925 0.83 0.505 0.825 0.505 0.806667 0.5275 0.761667 0.5375 0.723333 0.535 0.681667 0.555 0.62 0.505 0.623333
3 0.3375 0.831667 0.335 0.841667 0.3525 0.851667 0.3475 0.871667 0.315 0.873333 0.305 0.893333 0.305 0.901667 0.33 0.898333 0.3475 0.905 0.3525 0.9 0.3675 0.908333 0.375 0.88 0.36 0.871667 0.365 0.851667 0.38 0.846667 0.3725 0.843333 0.355 0.843333
3 0.465 0.828333 0.465 0.831667 0.48 0.84 0.4825 0.858333 0.465 0.863333 0.465 0.893333 0.475 0.888333 0.4975 0.883333 0.5225 0.883333 0.5275 0.891667 0.535 0.878333 0.525 0.86 0.505 0.856667 0.4975 0.84 0.515 0.826667 0.5 0.825 0.485 0.833333
8 0.35 0.426667 0.3425 0.48 0.34 0.505 0.375 0.505 0.44 0.496667 0.4925 0.5 0.5175 0.496667 0.4975 0.43 0.4525 0.42
4 0.39 0.33 0.3425 0.366667 0.3425 0.39 0.3625 0.421667 0.445 0.42 0.4925 0.426667 0.48 0.386667 0.475 0.345 0.4375 0.37 0.41 0.356667 0.4025 0.33
10 0.3425 0.508333 0.3175 0.566667 0.3075 0.58 0.31 0.616667 0.405 0.625 0.4875 0.618333 0.5425 0.62 0.5725 0.603333 0.5725 0.541667 0.5675 0.505 0.5475 0.483333 0.5175 0.498333 0.4325 0.496667 0.41 0.496667
8 0.4075 0.321667 0.405 0.348333 0.435 0.37 0.4775 0.341667 0.4775 0.331667
