0 0.6225 0.513333 0.625 0.501667 0.6325 0.481667 0.6275 0.45 0.5325 0.46 0.5325 0.476667 0.54 0.51 0.545 0.536667 0.555 0.553333 0.575 0.548333 0.615 0.545 0.6025 0.54 0.6175 0.531667 0.6225 0.513333 0.675 0.516667 0.695 0.515 0.695 0.511667 0.695 0.465 0.71 0.495 0.7175 0.516667 0.7175 0.53 0.6725 0.538333 0.675 0.516667
9 0.56 0.423333 0.525 0.421667 0.5025 0.418333 0.485 0.418333 0.4675 0.42 0.455 0.423333 0.3925 0.423333 0.3675 0.423333 0.3625 0.428333 0.375 0.435 0.3625 0.445 0.35 0.451667 0.3375 0.455 0.345 0.465 0.3425 0.468333 0.3475 0.473333 0.35 0.498333 0.3525 0.511667 0.3525 0.521667 0.355 0.561667 0.39 0.561667 0.4375 0.553333 0.475 0.546667 0.4925 0.543333 0.4925 0.553333 0.5075 0.556667 0.5325 0.563333 0.5775 0.561667 0.6 0.56 0.6325 0.558333 0.635 0.546667 0.6175 0.545 0.575 0.548333 0.555 0.553333 0.545 0.538333 0.54 0.51 0.5325 0.476667 0.5325 0.46 0.56 0.456667
7 0.525 0.808333 0.5075 0.816667 0.4925 0.821667 0.48 0.821667 0.475 0.808333 0.47 0.795 0.4525 0.76 0.4375 0.716667 0.4375 0.69 0.4275 0.656667 0.4125 0.625 0.3975 0.595 0.3825 0.561667 0.39 0.561667 0.4425 0.551667 0.49 0.543333 0.4925 0.551667 0.51 0.558333 0.535 0.563333 0.595 0.561667 0.5775 0.6 0.5625 0.64 0.5575 0.685 0.5525 0.725 0.53 0.778333 0.525 0.798333
2 0.4675 0.805 0.4675 0.826667 0.4675 0.838333 0.46 0.856667 0.455 0.876667 0.45 0.89 0.45 0.903333 0.4575 0.913333 0.48 0.913333 0.4925 0.91 0.5 0.903333 0.4975 0.881667 0.4925 0.868333 0.4875 0.848333 0.485 0.828333 0.4825 0.821667 0.475 0.806667 0.47 0.795
2 0.4675 0.805 0.4675 0.826667 0.4675 0.838333 0.46 0.856667 0.455 0.876667 0.45 0.89 0.45 0.903333 0.4575 0.913333 0.48 0.913333 0.4925 0.91 0.5 0.903333 0.4975 0.881667 0.4925 0.868333 0.4875 0.848333 0.485 0.828333 0.4825 0.821667 0.475 0.806667 0.47 0.795
4 0.525 0.248333 0.5075 0.25 0.4875 0.245 0.4725 0.235 0.47 0.221667 0.46 0.201667 0.4325 0.245 0.4075 0.285 0.405 0.313333 0.3975 0.336667 0.39 0.353333 0.38 0.385 0.375 0.405 0.3675 0.423333 0.3925 0.423333 0.4525 0.423333 0.4675 0.42 0.4875 0.418333 0.5025 0.418333 0.535 0.423333 0.56 0.423333 0.565 0.378333 0.5725 0.29 0.58 0.256667 0.58 0.228333 0.5825 0.21 0.565 0.225 0.5475 0.24 0.525 0.248333 0.525 0.24 0.5175 0.22 0.495 0.218333 0.4875 0.215 0.4825 0.223333 0.4875 0.23 0.5 0.236667 0.5025 0.24 0.5175 0.24 0.525 0.24
8 0.565 0.168333 0.5775 0.18 0.5825 0.2 0.58 0.208333 0.5625 0.22 0.5375 0.233333 0.5275 0.24 0.5175 0.22 0.495 0.218333 0.4875 0.215 0.4825 0.223333 0.4725 0.215 0.46 0.201667 0.4675 0.183333 0.48 0.17 0.4825 0.17 0.4825 0.178333 0.4875 0.191667 0.5025 0.201667 0.51 0.205 0.53 0.201667 0.5575 0.188333 0.565 0.18
4 0.48 0.17 0.4725 0.168333 0.45 0.178333 0.435 0.183333 0.4075 0.185 0.3875 0.186667 0.3675 0.203333 0.3425 0.238333 0.325 0.275 0.3275 0.286667 0.3175 0.298333 0.31 0.311667 0.31 0.32 0.3 0.326667 0.3 0.336667 0.3025 0.345 0.2975 0.356667 0.3025 0.375 0.2975 0.385 0.3 0.401667 0.3125 0.448333 0.29 0.475 0.2775 0.501667 0.2925 0.515 0.315 0.501667 0.3275 0.501667 0.35 0.508333 0.35 0.491667 0.3475 0.471667 0.3375 0.45 0.3325 0.44 0.34 0.425 0.3475 0.421667 0.355 0.43 0.36 0.428333 0.3675 0.425 0.375 0.405 0.39 0.353333 0.405 0.311667 0.4075 0.283333 0.4325 0.243333 0.46 0.201667 0.4675 0.18 0.48 0.17 0.57 0.17 0.58 0.173333 0.5925 0.18 0.6075 0.191667 0.6225 0.2 0.645 0.205 0.66 0.208333 0.67 0.221667 0.685 0.266667 0.695 0.32 0.7 0.356667 0.7 0.4 0.7 0.428333 0.6975 0.448333 0.695 0.465 0.695 0.511667 0.6925 0.515 0.675 0.516667 0.6725 0.508333 0.655 0.505 0.625 0.505 0.625 0.5 0.6325 0.481667 0.6275 0.448333 0.56 0.456667 0.56 0.423333 0.565 0.376667 0.5725 0.286667 0.58 0.255 0.58 0.23 0.5825 0.21 0.5825 0.196667 0.5775 0.178333 0.57 0.17
6 0.5775 0.108333 0.5575 0.108333 0.54 0.11 0.5125 0.111667 0.495 0.113333 0.48 0.11 0.4575 0.11 0.4575 0.106667 0.4375 0.113333 0.4425 0.118333 0.445 0.118333 0.45 0.128333 0.455 0.133333 0.465 0.135 0.4775 0.135 0.485 0.128333 0.49 0.12 0.4975 0.121667 0.505 0.13 0.515 0.133333 0.5275 0.133333 0.5375 0.133333 0.5425 0.126667 0.5425 0.116667 0.5575 0.115 0.565 0.115 0.575 0.115 0.5825 0.111667
2 0.485 0.828333 0.4875 0.851667 0.4925 0.87 0.4975 0.883333 0.5 0.901667 0.5 0.913333 0.505 0.926667 0.5125 0.935 0.5325 0.933333 0.5575 0.928333 0.565 0.92 0.565 0.906667 0.5575 0.89 0.5475 0.868333 0.5475 0.855 0.545 0.843333 0.535 0.831667 0.53 0.825 0.5275 0.816667 0.5275 0.806667 0.5075 0.816667 0.4925 0.823333 0.4825 0.821667 0.485 0.828333 0.485 0.828333 0.4875 0.851667 0.4925 0.87 0.4975 0.883333 0.5 0.901667 0.5 0.913333 0.505 0.926667 0.5125 0.935 0.5325 0.933333 0.5575 0.928333 0.565 0.92 0.565 0.906667 0.5575 0.89 0.5475 0.868333 0.5475 0.855 0.545 0.843333 0.535 0.831667 0.53 0.825 0.5275 0.816667 0.5275 0.806667 0.5075 0.816667 0.4925 0.823333 0.4825 0.821667 0.485 0.828333
