6 0.6425 0.133333 0.66 0.126667 0.6925 0.128333 0.72 0.13 0.72 0.133333 0.695 0.136667 0.69 0.151667 0.6725 0.156667 0.655 0.156667 0.6425 0.141667 0.63 0.156667 0.61 0.156667 0.6025 0.146667 0.5975 0.13 0.625 0.128333
4 0.63 0.198333 0.6275 0.203333 0.61 0.206667 0.5975 0.268333 0.58 0.311667 0.57 0.361667 0.5625 0.385 0.5375 0.388333 0.51 0.383333 0.495 0.376667 0.515 0.346667 0.5175 0.295 0.4875 0.255 0.505 0.24 0.53 0.205 0.555 0.201667 0.605 0.196667 0.63 0.198333 0.765 0.226667 0.7975 0.24 0.815 0.251667 0.8125 0.285 0.8375 0.308333 0.8275 0.32 0.79 0.348333 0.7825 0.348333 0.7725 0.375 0.775 0.421667 0.7375 0.421667 0.72 0.42 0.7275 0.35 0.74 0.31 0.7675 0.3 0.7725 0.285 0.7675 0.263333 0.765 0.226667
4 0.7375 0.431667 0.735 0.44 0.6725 0.446667 0.5925 0.44 0.55 0.436667 0.5275 0.436667 0.52 0.446667 0.5075 0.451667 0.475 0.45 0.475 0.401667 0.475 0.37 0.485 0.361667 0.4925 0.306667 0.4925 0.265 0.5175 0.295 0.515 0.346667 0.495 0.376667 0.51 0.383333 0.5425 0.39 0.5625 0.383333 0.57 0.36 0.58 0.313333 0.5975 0.268333 0.6125 0.208333 0.62 0.245 0.64 0.276667 0.66 0.286667 0.6775 0.285 0.7025 0.271667 0.72 0.298333 0.74 0.308333 0.73 0.348333 0.72 0.418333 0.7325 0.423333 0.7375 0.431667 0.7475 0.436667 0.745 0.421667 0.775 0.421667 0.7725 0.375 0.7825 0.348333 0.79 0.348333 0.805 0.338333 0.7975 0.378333 0.8 0.421667 0.7975 0.476667 0.795 0.496667 0.76 0.496667 0.755 0.493333 0.755 0.47 0.7475 0.436667
1 0.5675 0.453333 0.6325 0.455 0.695 0.455 0.7125 0.455 0.7325 0.446667 0.735 0.453333 0.7225 0.456667 0.695 0.463333 0.635 0.47 0.6225 0.465 0.5675 0.465 0.5675 0.453333 0.5575 0.453333 0.5525 0.461667 0.52 0.46 0.515 0.45 0.5575 0.453333
9 0.525 0.485 0.5175 0.465 0.5175 0.448333 0.5225 0.443333 0.56 0.45 0.6325 0.451667 0.6575 0.45 0.68 0.446667 0.7325 0.44 0.7375 0.463333 0.75 0.506667 0.7475 0.523333 0.74 0.538333 0.7325 0.55 0.715 0.556667 0.68 0.558333 0.64 0.553333 0.625 0.545 0.6075 0.556667 0.57 0.561667 0.5225 0.56 0.5075 0.553333 0.5025 0.54 0.52 0.538333 0.525 0.541667 0.535 0.536667 0.5275 0.53 0.5275 0.525 0.535 0.523333 0.5375 0.506667 0.5325 0.49
0 0.6675 0.8 0.67 0.746667 0.68 0.683333 0.6975 0.661667 0.7125 0.628333 0.74 0.58 0.745 0.57 0.755 0.561667 0.7575 0.57 0.7575 0.588333 0.7525 0.608333 0.745 0.643333 0.7475 0.665 0.7525 0.663333 0.76 0.633333 0.7725 0.616667 0.77 0.598333 0.765 0.576667 0.775 0.576667 0.785 0.568333 0.79 0.586667 0.8 0.615 0.815 0.616667 0.83 0.646667 0.84 0.688333 0.8525 0.738333 0.845 0.748333 0.8625 0.785 0.8225 0.816667 0.805 0.828333 0.76 0.828333 0.725 0.828333 0.6875 0.813333 0.6725 0.805
3 0.59 0.905 0.5675 0.901667 0.57 0.891667 0.5825 0.89 0.595 0.896667 0.59 0.905 0.5975 0.906667 0.57 0.906667 0.5575 0.898333 0.55 0.893333 0.55 0.865 0.5525 0.845 0.5575 0.828333 0.5625 0.825 0.5575 0.843333 0.555 0.871667 0.5625 0.878333 0.575 0.878333 0.6 0.876667 0.6 0.866667 0.6025 0.841667 0.6025 0.828333 0.6075 0.835 0.6075 0.851667 0.605 0.871667 0.6075 0.881667 0.6075 0.896667 0.5975 0.906667
3 0.6225 0.901667 0.6275 0.891667 0.6325 0.888333 0.645 0.895 0.6425 0.905 0.6225 0.901667 0.615 0.901667 0.6125 0.891667 0.6075 0.89 0.6075 0.881667 0.615 0.876667 0.62 0.85 0.6275 0.835 0.6275 0.826667 0.63 0.818333 0.6375 0.811667 0.635 0.83 0.6225 0.865 0.62 0.876667 0.6625 0.878333 0.6675 0.873333 0.6675 0.833333 0.6725 0.835 0.6725 0.885 0.67 0.895 0.6475 0.91 0.6225 0.91 0.615 0.901667
7 0.62 0.568333 0.6175 0.596667 0.6225 0.65 0.6225 0.668333 0.615 0.691667 0.61 0.7 0.6125 0.735 0.6075 0.751667 0.6025 0.77 0.5975 0.793333 0.5975 0.81 0.6025 0.82 0.6025 0.833333 0.6 0.876667 0.5625 0.878333 0.555 0.87 0.5575 0.841667 0.5625 0.823333 0.5625 0.81 0.5575 0.788333 0.55 0.76 0.5425 0.72 0.545 0.691667 0.5475 0.661667 0.5425 0.626667 0.5325 0.595 0.52 0.56 0.57 0.561667 0.6075 0.556667 0.62 0.548333 0.62 0.568333 0.6275 0.571667 0.625 0.555 0.6275 0.543333 0.6375 0.553333 0.6775 0.558333 0.7125 0.556667 0.73 0.551667 0.7175 0.573333 0.705 0.62 0.7025 0.651667 0.6975 0.663333 0.68 0.685 0.67 0.748333 0.6675 0.798333 0.6725 0.808333 0.67 0.835 0.665 0.835 0.6675 0.873333 0.6625 0.878333 0.62 0.876667 0.6225 0.865 0.635 0.828333 0.635 0.808333 0.635 0.768333 0.63 0.721667 0.6325 0.69 0.635 0.678333 0.6275 0.66 0.625 0.641667 0.63 0.605 0.6275 0.571667
8 0.5225 0.441667 0.5275 0.435 0.555 0.436667 0.595 0.44 0.6825 0.446667 0.6575 0.45 0.63 0.451667 0.555 0.45
