7 0.4625 0.415 0.4425 0.423333 0.4375 0.435 0.4375 0.448333 0.425 0.463333 0.4225 0.478333 0.4125 0.498333 0.4075 0.525 0.3975 0.588333 0.3925 0.648333 0.3975 0.671667 0.415 0.69 0.465 0.745 0.4925 0.801667 0.5225 0.796667 0.5425 0.79 0.55 0.755 0.5375 0.731667 0.5275 0.703333 0.5125 0.683333 0.49 0.663333 0.49 0.646667 0.5025 0.635 0.5025 0.62 0.5125 0.61 0.51 0.598333 0.5325 0.575 0.54 0.645 0.55 0.706667 0.55 0.755 0.545 0.788333 0.545 0.83 0.565 0.836667 0.5975 0.836667 0.6125 0.835 0.6275 0.83 0.63 0.823333 0.63 0.801667 0.6375 0.715 0.6275 0.71 0.625 0.696667 0.6275 0.666667 0.6325 0.648333 0.645 0.631667 0.6475 0.598333 0.6575 0.583333 0.6575 0.568333 0.67 0.55 0.675 0.536667 0.6825 0.518333 0.6825 0.505 0.675 0.448333 0.67 0.438333 0.65 0.425 0.5875 0.42 0.56 0.418333 0.5075 0.42
8 0.515 0.243333 0.49 0.243333 0.475 0.248333 0.4575 0.261667 0.4475 0.281667 0.4375 0.301667 0.425 0.31 0.4125 0.318333 0.4 0.331667 0.4025 0.341667 0.415 0.356667 0.425 0.363333 0.4375 0.366667 0.45 0.366667 0.47 0.356667 0.4675 0.371667 0.46 0.39 0.4525 0.403333 0.455 0.406667 0.4625 0.405 0.47 0.403333 0.5125 0.403333 0.52 0.406667 0.56 0.416667 0.5875 0.42 0.65 0.425 0.665 0.42 0.6675 0.42 0.67 0.438333 0.675 0.448333 0.6825 0.505 0.6825 0.518333 0.675 0.538333 0.675 0.55 0.7225 0.548333 0.7275 0.521667 0.74 0.508333 0.74 0.505 0.73 0.498333 0.7325 0.491667 0.7375 0.43 0.7425 0.37 0.7475 0.343333 0.7525 0.325 0.7525 0.306667 0.7475 0.291667 0.74 0.278333 0.7275 0.27 0.6875 0.255 0.67 0.245 0.6425 0.226667 0.6125 0.241667 0.5925 0.251667 0.5725 0.27 0.5575 0.275 0.55 0.27 0.53 0.256667 0.5175 0.255
6 0.605 0.173333 0.5925 0.173333 0.5675 0.18 0.565 0.183333 0.555 0.183333 0.535 0.183333 0.5125 0.191667 0.525 0.203333 0.5325 0.208333 0.5425 0.21 0.56 0.206667 0.565 0.188333 0.58 0.198333 0.5925 0.2 0.615 0.195 0.6125 0.176667 0.615 0.171667
11 0.5925 0.155 0.62 0.165 0.645 0.17 0.6575 0.185 0.68 0.186667 0.6675 0.165 0.65 0.145 0.6175 0.125 0.6025 0.123333 0.5775 0.118333 0.5575 0.121667 0.5425 0.128333 0.5225 0.151667 0.5275 0.153333 0.535 0.146667 0.545 0.145 0.57 0.15
12 0.585 0.253333 0.5775 0.256667 0.5625 0.278333 0.5425 0.31 0.52 0.34 0.535 0.366667 0.55 0.345 0.5625 0.328333 0.565 0.318333 0.5825 0.298333 0.5875 0.281667 0.5875 0.296667 0.5675 0.325 0.5625 0.338333 0.555 0.363333 0.575 0.383333 0.5825 0.36 0.5925 0.325 0.5975 0.293333 0.5975 0.271667 0.6075 0.265 0.6325 0.266667 0.6425 0.261667 0.6425 0.253333 0.635 0.245 0.625 0.243333 0.5975 0.255 0.5925 0.25
0 0.6775 0.578333 0.6575 0.583333 0.6475 0.6 0.645 0.631667 0.6325 0.646667 0.6275 0.666667 0.625 0.696667 0.6275 0.71 0.6375 0.715 0.665 0.721667 0.685 0.711667 0.7325 0.7 0.77 0.688333 0.765 0.651667 0.7525 0.626667 0.725 0.615 0.72 0.615 0.715 0.59 0.7075 0.596667 0.7125 0.621667 0.67 0.631667 0.6625 0.631667 0.6575 0.611667 0.665 0.596667 0.6775 0.586667
1 0.4625 0.405 0.4625 0.415 0.5075 0.42 0.56 0.418333 0.5875 0.42 0.56 0.416667 0.52 0.406667 0.5125 0.403333 0.47 0.403333
3 0.5225 0.81 0.525 0.821667 0.525 0.836667 0.5175 0.85 0.5175 0.858333 0.52 0.865 0.53 0.86 0.545 0.846667 0.5275 0.835 0.5275 0.823333 0.545 0.828333 0.545 0.803333 0.5325 0.811667
3 0.5225 0.81 0.525 0.821667 0.525 0.836667 0.5175 0.85 0.5175 0.858333 0.52 0.865 0.53 0.86 0.545 0.846667 0.5275 0.835 0.5275 0.823333 0.545 0.828333 0.545 0.803333 0.5325 0.811667
3 0.545 0.846667 0.53 0.86 0.505 0.878333 0.49 0.886667 0.475 0.893333 0.48 0.901667 0.4925 0.906667 0.5125 0.911667 0.53 0.913333 0.555 0.906667 0.565 0.898333 0.575 0.888333 0.5775 0.891667 0.5875 0.891667 0.5875 0.88 0.5975 0.863333 0.6 0.851667 0.6 0.846667 0.5575 0.853333 0.545 0.846667 0.545 0.846667 0.53 0.86 0.505 0.878333 0.49 0.886667 0.475 0.893333 0.48 0.901667 0.4925 0.906667 0.5125 0.911667 0.53 0.913333 0.555 0.906667 0.565 0.898333 0.575 0.888333 0.5775 0.891667 0.5875 0.891667 0.5875 0.88 0.5975 0.863333 0.6 0.851667 0.6 0.846667 0.5575 0.853333 0.545 0.846667
