8 0.53 0.363333 0.475 0.373333 0.425 0.371667 0.415 0.413333 0.3725 0.415 0.35 0.415 0.3475 0.431667 0.395 0.435 0.47 0.43 0.5275 0.425 0.5825 0.418333 0.64 0.413333 0.6375 0.395 0.6075 0.4 0.5525 0.405 0.53 0.363333 0.46 0.168333 0.5025 0.158333 0.54 0.161667 0.535 0.141667 0.505 0.153333 0.485 0.15 0.46 0.138333 0.4475 0.16 0.46 0.168333
11 0.5075 0.0216667 0.475 0.035 0.4575 0.03 0.4375 0.0366667 0.4075 0.0466667 0.37 0.0516667 0.3625 0.065 0.375 0.101667 0.405 0.128333 0.425 0.143333 0.4425 0.115 0.44 0.0766667 0.4525 0.0566667 0.485 0.045 0.51 0.04 0.5375 0.045 0.5675 0.0566667 0.58 0.08 0.58 0.143333 0.59 0.15 0.6125 0.153333 0.6 0.1 0.5925 0.0833333 0.585 0.065 0.5925 0.0633333 0.5725 0.0416667 0.55 0.0283333 0.5625 0.0233333 0.585 0.03 0.5775 0.0183333 0.5275 0.02
0 0.38 0.188333 0.37 0.243333 0.3525 0.31 0.335 0.341667 0.335 0.361667 0.325 0.371667 0.325 0.393333 0.31 0.411667 0.2925 0.425 0.275 0.461667 0.275 0.488333 0.2975 0.505 0.3275 0.51 0.3575 0.508333 0.3575 0.465 0.3475 0.413333 0.345 0.395 0.3525 0.366667 0.3575 0.315 0.375 0.268333 0.395 0.188333
4 0.475 0.208333 0.485 0.191667 0.475 0.17 0.4625 0.175 0.475 0.208333 0.4875 0.205 0.485 0.248333 0.5125 0.328333 0.5275 0.358333 0.5275 0.33 0.51 0.241667 0.5 0.196667 0.5175 0.178333 0.5325 0.163333 0.605 0.1 0.615 0.103333 0.6325 0.101667 0.65 0.0816667 0.6325 0.0566667 0.585 0.065 0.595 0.0866667 0.605 0.1 0.5325 0.163333 0.51 0.161667 0.4875 0.205
8 0.4775 0.166667 0.485 0.195 0.475 0.221667 0.4575 0.273333 0.4425 0.33 0.4325 0.37 0.4575 0.378333 0.48 0.371667 0.525 0.37 0.5025 0.3 0.485 0.231667 0.4925 0.196667 0.5125 0.16 0.5 0.158333
4 0.3425 0.341667 0.3625 0.268333 0.38 0.206667 0.39 0.168333 0.3825 0.16 0.36 0.165 0.3175 0.228333 0.2925 0.301667 0.2925 0.33 0.275 0.36 0.25 0.405 0.2725 0.401667 0.3075 0.41 0.3175 0.391667 0.3275 0.365 0.3425 0.341667 0.3575 0.333333 0.35 0.365 0.355 0.376667 0.345 0.391667 0.345 0.413333 0.3925 0.415 0.4125 0.413333 0.44 0.343333 0.4675 0.251667 0.47 0.213333 0.5025 0.216667 0.525 0.32 0.5375 0.373333 0.5475 0.403333 0.5875 0.401667 0.6325 0.395 0.6425 0.413333 0.675 0.393333 0.685 0.383333 0.645 0.286667 0.6225 0.24 0.645 0.22 0.6775 0.206667 0.7075 0.191667 0.7025 0.173333 0.6875 0.145 0.675 0.101667 0.655 0.085 0.6325 0.101667 0.615 0.105 0.6025 0.0983333 0.6 0.113333 0.6175 0.156667 0.585 0.161667 0.58 0.198333 0.5525 0.208333 0.5275 0.208333 0.535 0.183333 0.5225 0.176667 0.5 0.191667 0.5025 0.216667 0.47 0.213333 0.4675 0.185 0.455 0.163333 0.445 0.168333 0.43 0.191667 0.42 0.203333 0.3975 0.195 0.38 0.251667 0.37 0.29 0.3575 0.333333
10 0.3525 0.43 0.3525 0.453333 0.3625 0.476667 0.355 0.495 0.355 0.518333 0.355 0.533333 0.375 0.535 0.3775 0.523333 0.4625 0.518333 0.515 0.518333 0.5725 0.526667 0.56 0.551667 0.59 0.546667 0.6325 0.538333 0.6325 0.523333 0.6275 0.471667 0.625 0.416667 0.5925 0.418333 0.545 0.421667 0.5 0.43 0.41 0.435 0.3775 0.436667
7 0.3725 0.535 0.3925 0.598333 0.4 0.638333 0.3975 0.666667 0.415 0.716667 0.4325 0.763333 0.45 0.795 0.475 0.793333 0.4975 0.788333 0.49 0.781667 0.48 0.701667 0.4825 0.69 0.4675 0.64 0.4675 0.625 0.475 0.63 0.5 0.666667 0.505 0.695 0.5325 0.743333 0.5425 0.778333 0.5375 0.791667 0.5725 0.79 0.585 0.78 0.5875 0.738333 0.5825 0.686667 0.58 0.665 0.555 0.633333 0.5425 0.605 0.5625 0.55 0.565 0.528333 0.525 0.518333 0.475 0.518333 0.4375 0.52 0.385 0.523333
3 0.45 0.791667 0.445 0.803333 0.415 0.826667 0.425 0.838333 0.445 0.83 0.44 0.843333 0.425 0.858333 0.4025 0.866667 0.405 0.89 0.4075 0.905 0.45 0.906667 0.4675 0.906667 0.47 0.893333 0.4725 0.873333 0.4925 0.845 0.51 0.833333 0.51 0.818333 0.505 0.786667 0.49 0.785 0.48 0.793333
3 0.5425 0.785 0.53 0.798333 0.535 0.815 0.5175 0.84 0.51 0.855 0.49 0.865 0.475 0.871667 0.4825 0.901667 0.5025 0.906667 0.5275 0.908333 0.555 0.906667 0.565 0.89 0.5725 0.865 0.58 0.886667 0.595 0.89 0.605 0.883333 0.6075 0.826667 0.6075 0.813333 0.5925 0.805 0.59 0.78 0.545 0.781667
