1 0.3775 0.363333 0.3775 0.385 0.395 0.391667 0.4075 0.423333 0.41 0.44 0.425 0.445 0.4375 0.438333 0.425 0.39 0.45 0.388333 0.49 0.386667 0.5325 0.386667 0.5375 0.37 0.505 0.368333 0.48 0.376667 0.4675 0.381667 0.45 0.378333 0.445 0.37 0.395 0.368333
8 0.3725 0.185 0.37 0.216667 0.375 0.313333 0.3725 0.351667 0.43 0.355 0.4425 0.361667 0.455 0.383333 0.48 0.376667 0.5025 0.368333 0.5025 0.358333 0.5325 0.358333 0.54 0.353333 0.54 0.321667 0.5425 0.291667 0.5425 0.256667 0.535 0.218333 0.5275 0.191667 0.51 0.2 0.48 0.216667 0.45 0.213333 0.4 0.2
10 0.385 0.39 0.3725 0.406667 0.335 0.428333 0.2875 0.446667 0.2775 0.44 0.26 0.473333 0.2275 0.541667 0.215 0.59 0.21 0.65 0.195 0.713333 0.225 0.718333 0.275 0.721667 0.3425 0.72 0.4275 0.72 0.48 0.718333 0.495 0.715 0.495 0.695 0.52 0.696667 0.5175 0.708333 0.53 0.71 0.55 0.71 0.545 0.686667 0.555 0.618333 0.555 0.586667 0.585 0.506667 0.58 0.461667 0.5725 0.445 0.5525 0.421667 0.545 0.408333 0.5325 0.396667 0.5325 0.385 0.4925 0.385 0.43 0.393333 0.435 0.441667 0.4175 0.445 0.4025 0.393333
4 0.3725 0.163333 0.3425 0.17 0.3075 0.18 0.275 0.188333 0.2575 0.21 0.2375 0.266667 0.23 0.316667 0.2175 0.331667 0.2175 0.346667 0.23 0.333333 0.255 0.333333 0.285 0.345 0.285 0.33 0.2975 0.301667 0.305 0.345 0.3025 0.38 0.3225 0.376667 0.3475 0.368333 0.3525 0.348333 0.37 0.361667 0.375 0.276667 0.37 0.191667
4 0.285 0.418333 0.2675 0.43 0.275 0.445 0.285 0.436667 0.29 0.445 0.34 0.423333 0.3025 0.425
4 0.5225 0.176667 0.5325 0.216667 0.5475 0.266667 0.545 0.308333 0.54 0.333333 0.5425 0.355 0.565 0.363333 0.565 0.33 0.5975 0.325 0.595 0.313333 0.5875 0.285 0.605 0.24 0.605 0.22 0.595 0.196667 0.555 0.181667
4 0.5425 0.386667 0.5325 0.4 0.5525 0.416667 0.5625 0.426667 0.565 0.441667 0.5775 0.443333 0.585 0.433333 0.58 0.421667 0.5725 0.41 0.55 0.401667
7 0.2775 0.893333 0.3075 0.895 0.3175 0.891667 0.3325 0.861667 0.3525 0.831667 0.41 0.776667 0.41 0.843333 0.4 0.873333 0.3975 0.885 0.4025 0.906667 0.4075 0.911667 0.44 0.91 0.4525 0.903333 0.45 0.89 0.4675 0.851667 0.495 0.791667 0.505 0.738333 0.5075 0.698333 0.495 0.703333 0.4925 0.716667 0.4425 0.721667 0.3675 0.72 0.3225 0.756667 0.3075 0.786667 0.2875 0.823333 0.28 0.841667 0.27 0.853333 0.265 0.885 0.2775 0.893333 0.275 0.93 0.2625 0.918333 0.2575 0.9 0.41 0.928333 0.4275 0.961667 0.4525 0.963333 0.4675 0.958333 0.4775 0.953333 0.4625 0.936667 0.455 0.923333 0.4325 0.923333 0.41 0.928333 0.2575 0.9 0.285 0.903333 0.3175 0.905 0.3175 0.913333 0.3125 0.923333 0.2925 0.93 0.275 0.93
3 0.2775 0.835 0.2575 0.835 0.2425 0.848333 0.24 0.87 0.2325 0.875 0.24 0.888333 0.245 0.891667 0.24 0.918333 0.2575 0.933333 0.29 0.951667 0.31 0.956667 0.33 0.945 0.3175 0.915 0.3025 0.926667 0.28 0.928333 0.2575 0.915 0.2525 0.9 0.2675 0.9 0.2875 0.903333 0.3125 0.903333 0.3225 0.901667 0.3225 0.893333 0.3025 0.895 0.2675 0.891667 0.26 0.871667
3 0.3975 0.876667 0.385 0.896667 0.385 0.915 0.3975 0.928333 0.4075 0.96 0.415 0.973333 0.425 0.983333 0.4425 0.988333 0.465 0.993333 0.4825 0.993333 0.4925 0.978333 0.48 0.955 0.47 0.96 0.4475 0.961667 0.43 0.956667 0.4125 0.933333 0.4175 0.923333 0.4625 0.92 0.455 0.906667 0.43 0.91 0.405 0.915 0.4025 0.896667
