8 0.3925 0.383333 0.43 0.383333 0.4625 0.388333 0.495 0.388333 0.525 0.381667 0.5425 0.376667 0.5725 0.361667 0.5875 0.35 0.595 0.3 0.585 0.276667 0.5875 0.27 0.6025 0.261667 0.615 0.261667 0.6275 0.255 0.6525 0.245 0.625 0.23 0.6025 0.216667 0.5625 0.21 0.5375 0.215 0.515 0.228333 0.485 0.238333 0.455 0.241667 0.4275 0.223333 0.3975 0.231667 0.37 0.241667 0.35 0.258333 0.33 0.271667 0.3425 0.283333 0.3525 0.273333 0.3625 0.271667 0.38 0.276667 0.385 0.291667 0.39 0.311667 0.3875 0.353333 0.375 0.378333 0.38 0.381667
6 0.435 0.15 0.46 0.148333 0.455 0.156667 0.4675 0.158333 0.4825 0.148333 0.51 0.145 0.5275 0.143333 0.525 0.165 0.51 0.168333 0.4925 0.17 0.4775 0.16 0.4675 0.171667 0.4375 0.171667 0.4275 0.16
4 0.665 0.36 0.695 0.425 0.7175 0.466667 0.7075 0.473333 0.705 0.498333 0.6875 0.501667 0.675 0.508333 0.6625 0.51 0.67 0.545 0.645 0.546667 0.6375 0.501667 0.6225 0.466667 0.6075 0.443333 0.575 0.421667 0.5675 0.383333 0.555 0.371667 0.5725 0.36 0.585 0.348333 0.62 0.356667 0.64 0.356667 0.6575 0.35 0.6675 0.355
1 0.3975 0.396667 0.445 0.405 0.47 0.401667 0.5075 0.398333 0.54 0.395 0.5375 0.411667 0.52 0.418333 0.5525 0.456667 0.53 0.461667 0.5175 0.436667 0.49 0.426667 0.46 0.426667 0.4275 0.416667 0.3925 0.406667
9 0.5075 0.551667 0.4725 0.563333 0.4425 0.565 0.42 0.551667 0.405 0.546667 0.395 0.511667 0.3825 0.481667 0.3825 0.438333 0.38 0.413333 0.39 0.393333 0.3925 0.383333 0.43 0.383333 0.4625 0.388333 0.4925 0.388333 0.525 0.381667 0.5425 0.376667 0.555 0.371667 0.565 0.381667 0.5425 0.395 0.5075 0.398333 0.4725 0.401667 0.445 0.405 0.395 0.396667 0.395 0.405 0.4275 0.416667 0.4575 0.426667 0.4875 0.426667 0.5175 0.436667 0.53 0.461667 0.555 0.456667 0.5175 0.418333 0.5375 0.411667 0.55 0.426667 0.5725 0.431667 0.5875 0.428333 0.6075 0.443333 0.62 0.466667 0.6375 0.501667 0.645 0.546667 0.6125 0.551667 0.5775 0.558333 0.545 0.561667 0.5225 0.558333
12 0.435 0.586667 0.45 0.648333 0.475 0.691667 0.515 0.736667 0.5025 0.74 0.4575 0.728333 0.4375 0.721667 0.435 0.735 0.425 0.745 0.3975 0.731667 0.37 0.701667 0.3425 0.686667 0.325 0.68 0.335 0.625 0.3525 0.578333 0.3725 0.56 0.3925 0.556667 0.41 0.555 0.4225 0.551667 0.4425 0.568333
0 0.4325 0.586667 0.4425 0.571667 0.4625 0.576667 0.4825 0.583333 0.4725 0.681667 0.45 0.648333 0.4325 0.586667 0.3625 0.568333 0.3475 0.565 0.35 0.556667 0.345 0.55 0.335 0.568333 0.3025 0.566667 0.2775 0.568333 0.265 0.645 0.265 0.67 0.325 0.671667 0.335 0.625 0.3525 0.578333 0.3625 0.568333
3 0.5275 0.848333 0.525 0.881667 0.5175 0.901667 0.5225 0.918333 0.53 0.93 0.54 0.928333 0.5375 0.923333 0.53 0.913333 0.5375 0.886667 0.5375 0.866667 0.535 0.85 0.53 0.843333
3 0.5275 0.848333 0.525 0.881667 0.5175 0.901667 0.5225 0.918333 0.53 0.93 0.54 0.928333 0.5375 0.923333 0.53 0.913333 0.5375 0.886667 0.5375 0.866667 0.535 0.85 0.53 0.843333
3 0.5925 0.86 0.59 0.881667 0.5925 0.901667 0.5925 0.92 0.5925 0.936667 0.5725 0.94 0.545 0.94 0.535 0.923333 0.5425 0.92 0.565 0.92 0.5825 0.918333 0.58 0.911667 0.56 0.906667 0.545 0.91 0.5375 0.921667 0.53 0.913333 0.5375 0.886667 0.5375 0.866667 0.535 0.851667 0.555 0.853333 0.5725 0.848333 0.575 0.843333 0.5725 0.833333 0.58 0.835 0.5875 0.848333 0.5925 0.86 0.5925 0.86 0.59 0.881667 0.5925 0.901667 0.5925 0.92 0.5925 0.936667 0.5725 0.94 0.545 0.94 0.535 0.923333 0.5425 0.92 0.565 0.92 0.5825 0.918333 0.58 0.911667 0.56 0.906667 0.545 0.91 0.5375 0.921667 0.53 0.913333 0.5375 0.886667 0.5375 0.866667 0.535 0.851667 0.555 0.853333 0.5725 0.848333 0.575 0.843333 0.5725 0.833333 0.58 0.835 0.5875 0.848333 0.5925 0.86
