1 0.4175 0.495 0.495 0.501667 0.5375 0.503333 0.575 0.51 0.6025 0.501667 0.6475 0.498333 0.64 0.513333 0.5775 0.516667 0.545 0.518333 0.5475 0.538333 0.57 0.566667 0.5375 0.57 0.545 0.601667 0.5175 0.603333 0.5125 0.581667 0.5225 0.55 0.525 0.515 0.485 0.511667 0.4075 0.501667
0 0.425 0.461667 0.465 0.426667 0.545 0.36 0.6275 0.265 0.625 0.251667 0.57 0.303333 0.4875 0.39 0.435 0.43 0.425 0.461667 0.35 0.468333 0.2925 0.49 0.2625 0.528333 0.27 0.546667 0.2825 0.553333 0.3025 0.555 0.3025 0.568333 0.3525 0.581667 0.3675 0.581667 0.3675 0.526667 0.355 0.511667 0.325 0.485 0.35 0.468333
5 0.575 0.518333 0.545 0.516667 0.55 0.54 0.575 0.568333 0.5375 0.57 0.545 0.601667 0.52 0.605 0.5125 0.58 0.5225 0.551667 0.5275 0.515 0.485 0.513333 0.405 0.501667 0.3725 0.531667 0.37 0.591667 0.385 0.646667 0.41 0.656667 0.4275 0.691667 0.4425 0.698333 0.5225 0.698333 0.595 0.693333 0.6425 0.683333 0.66 0.666667 0.6675 0.641667 0.665 0.58 0.655 0.55 0.655 0.511667 0.64 0.515 0.575 0.518333 0.42 0.461667 0.46 0.431667 0.545 0.356667 0.61 0.286667 0.6425 0.305 0.6625 0.32 0.655 0.363333 0.655 0.381667 0.655 0.418333 0.59 0.278333 0.575 0.265 0.5775 0.243333 0.56 0.276667 0.5325 0.235 0.51 0.22 0.5025 0.246667 0.5075 0.27 0.4875 0.268333 0.4625 0.275 0.44 0.351667 0.4425 0.386667 0.435 0.428333 0.49 0.386667 0.57 0.305 0.59 0.278333 0.655 0.418333 0.6575 0.45 0.645 0.49 0.65 0.5 0.5975 0.5 0.5675 0.51 0.5375 0.501667 0.4925 0.501667 0.4125 0.491667 0.415 0.481667 0.42 0.461667
6 0.5525 0.145 0.49 0.143333 0.49 0.163333 0.475 0.168333 0.4675 0.165 0.4525 0.146667 0.4375 0.161667 0.4275 0.16 0.4225 0.14 0.43 0.133333 0.45 0.14 0.4725 0.136667 0.4925 0.135 0.5425 0.136667
12 0.7225 0.266667 0.7475 0.325 0.7975 0.321667 0.835 0.3 0.8575 0.29 0.875 0.281667 0.89 0.275 0.9075 0.275 0.915 0.275 0.9025 0.288333 0.89 0.288333 0.885 0.298333 0.89 0.311667 0.9025 0.311667 0.9175 0.301667 0.9175 0.275 0.905 0.265 0.8575 0.26 0.82 0.263333 0.76 0.266667 0.7225 0.266667 0.35 0.283333 0.3375 0.276667 0.245 0.271667 0.17 0.268333 0.1475 0.268333 0.16 0.281667 0.1475 0.283333 0.115 0.283333 0.085 0.298333 0.035 0.351667 0.025 0.383333 0.03 0.435 0.035 0.458333 0.0525 0.473333 0.045 0.526667 0.1 0.528333 0.1475 0.535 0.16 0.525 0.1825 0.52 0.1875 0.508333 0.14 0.493333 0.125 0.463333 0.125 0.445 0.1325 0.415 0.135 0.371667 0.135 0.343333 0.1425 0.328333 0.1425 0.311667 0.125 0.3 0.13 0.293333 0.14 0.291667 0.155 0.296667 0.1725 0.305 0.2475 0.313333 0.295 0.323333 0.3325 0.326667 0.345 0.316667 0.35 0.305 0.35 0.283333
4 0.6075 0.283333 0.6275 0.261667 0.625 0.25 0.6375 0.245 0.655 0.228333 0.675 0.228333 0.7175 0.24 0.7225 0.265 0.7475 0.325 0.74 0.345 0.745 0.353333 0.7525 0.34 0.775 0.325 0.795 0.321667 0.83 0.3 0.8525 0.308333 0.8725 0.32 0.8525 0.336667 0.85 0.345 0.85 0.358333 0.805 0.39 0.7575 0.416667 0.735 0.42 0.71 0.415 0.6925 0.405 0.6875 0.528333 0.685 0.641667 0.665 0.641667 0.665 0.578333 0.655 0.55 0.655 0.51 0.645 0.511667 0.6475 0.496667 0.645 0.486667 0.6575 0.448333 0.65 0.416667 0.65 0.385 0.65 0.36 0.66 0.316667 0.6425 0.305 0.6075 0.283333 0.4625 0.271667 0.4525 0.268333 0.44 0.256667 0.41 0.246667 0.3975 0.236667 0.415 0.211667 0.385 0.216667 0.3525 0.236667 0.3475 0.268333 0.345 0.28 0.35 0.283333 0.35 0.308333 0.3475 0.315 0.3325 0.328333 0.33 0.348333 0.3075 0.35 0.27 0.346667 0.2575 0.341667 0.2425 0.333333 0.2175 0.336667 0.1925 0.33 0.1825 0.32 0.1575 0.346667 0.15 0.356667 0.1825 0.368333 0.195 0.381667 0.2225 0.391667 0.265 0.403333 0.285 0.406667 0.3275 0.41 0.3625 0.405 0.3775 0.405 0.365 0.418333 0.35 0.436667 0.35 0.463333 0.3275 0.485 0.355 0.511667 0.3675 0.53 0.4075 0.501667 0.4175 0.48 0.4225 0.461667 0.4375 0.428333 0.44 0.385 0.44 0.348333 0.4625 0.271667
7 0.5725 0.696667 0.57 0.706667 0.5725 0.72 0.57 0.743333 0.5625 0.763333 0.5625 0.778333 0.5425 0.781667 0.515 0.778333 0.495 0.775 0.4875 0.768333 0.485 0.745 0.4825 0.73 0.4925 0.713333 0.4975 0.698333 0.525 0.696667
7 0.4875 0.7 0.475 0.726667 0.475 0.746667 0.4775 0.785 0.475 0.793333 0.4625 0.8 0.4425 0.803333 0.42 0.806667 0.4075 0.801667 0.39 0.758333 0.39 0.736667 0.3975 0.713333 0.4075 0.693333 0.41 0.676667 0.4025 0.663333 0.3975 0.651667 0.41 0.656667 0.425 0.69 0.4425 0.698333 0.485 0.698333
2 0.5675 0.766667 0.57 0.776667 0.565 0.79 0.5625 0.805 0.5575 0.815 0.5625 0.823333 0.56 0.831667 0.5675 0.843333 0.5825 0.86 0.6 0.866667 0.615 0.881667 0.62 0.898333 0.6225 0.91 0.6075 0.913333 0.58 0.908333 0.575 0.908333 0.5575 0.895 0.5375 0.883333 0.5225 0.875 0.51 0.865 0.505 0.86 0.5025 0.848333 0.495 0.831667 0.4875 0.825 0.49 0.818333 0.49 0.806667 0.4875 0.795 0.4825 0.775 0.4825 0.763333 0.485 0.758333 0.4875 0.768333 0.4975 0.776667 0.515 0.778333 0.5425 0.781667 0.5625 0.778333 0.56 0.766667
2 0.5675 0.766667 0.57 0.776667 0.565 0.79 0.5625 0.805 0.5575 0.815 0.5625 0.823333 0.56 0.831667 0.5675 0.843333 0.5825 0.86 0.6 0.866667 0.615 0.881667 0.62 0.898333 0.6225 0.91 0.6075 0.913333 0.58 0.908333 0.575 0.908333 0.5575 0.895 0.5375 0.883333 0.5225 0.875 0.51 0.865 0.505 0.86 0.5025 0.848333 0.495 0.831667 0.4875 0.825 0.49 0.818333 0.49 0.806667 0.4875 0.795 0.4825 0.775 0.4825 0.763333 0.485 0.758333 0.4875 0.768333 0.4975 0.776667 0.515 0.778333 0.5425 0.781667 0.5625 0.778333 0.56 0.766667
2 0.3925 0.781667 0.385 0.795 0.3975 0.815 0.415 0.848333 0.4225 0.858333 0.425 0.865 0.4225 0.88 0.43 0.888333 0.465 0.905 0.4975 0.921667 0.5175 0.925 0.5525 0.93 0.575 0.923333 0.5725 0.908333 0.56 0.898333 0.5375 0.885 0.51 0.873333 0.505 0.861667 0.4975 0.845 0.4925 0.835 0.4825 0.826667 0.48 0.808333 0.4775 0.793333 0.46 0.798333 0.4425 0.805 0.4175 0.806667 0.4075 0.801667 0.4 0.781667 0.3925 0.781667 0.3925 0.781667 0.385 0.795 0.3975 0.815 0.415 0.848333 0.4225 0.858333 0.425 0.865 0.4225 0.88 0.43 0.888333 0.465 0.905 0.4975 0.921667 0.5175 0.925 0.5525 0.93 0.575 0.923333 0.5725 0.908333 0.56 0.898333 0.5375 0.885 0.51 0.873333 0.505 0.861667 0.4975 0.845 0.4925 0.835 0.4825 0.826667 0.48 0.808333 0.4775 0.793333 0.46 0.798333 0.4425 0.805 0.4175 0.806667 0.4075 0.801667 0.4 0.781667 0.3925 0.781667
