7 0.365 0.605 0.38 0.663333 0.38 0.703333 0.3825 0.728333 0.38 0.791667 0.385 0.815 0.3925 0.858333 0.39 0.871667 0.39 0.878333 0.39 0.886667 0.395 0.901667 0.4 0.91 0.4325 0.91 0.4475 0.903333 0.4525 0.895 0.4525 0.885 0.4625 0.873333 0.4675 0.861667 0.4575 0.848333 0.47 0.798333 0.4675 0.75 0.4775 0.731667 0.4775 0.703333 0.48 0.686667 0.485 0.648333 0.495 0.63 0.5 0.63 0.5125 0.676667 0.5125 0.711667 0.515 0.731667 0.525 0.743333 0.5325 0.773333 0.5225 0.835 0.5225 0.846667 0.5125 0.855 0.5125 0.865 0.5175 0.871667 0.5175 0.875 0.5025 0.89 0.505 0.9 0.505 0.908333 0.505 0.91 0.5225 0.916667 0.545 0.916667 0.565 0.913333 0.5725 0.901667 0.575 0.885 0.585 0.86 0.61 0.805 0.6175 0.773333 0.6075 0.723333 0.605 0.696667 0.605 0.678333 0.6125 0.65 0.6175 0.628333 0.61 0.626667 0.61 0.618333 0.6175 0.613333 0.6225 0.588333 0.625 0.566667 0.59 0.575 0.54 0.568333 0.5025 0.56 0.4775 0.558333 0.495 0.58 0.4825 0.596667 0.4625 0.586667 0.44 0.553333 0.4025 0.548333 0.3925 0.548333 0.4025 0.573333 0.4025 0.581667 0.4 0.583333 0.3975 0.583333 0.38 0.558333 0.3875 0.588333 0.4 0.596667 0.4 0.601667 0.3925 0.608333 0.385 0.61 0.3775 0.605 0.36 0.598333
3 0.445 0.951667 0.43 0.956667 0.4025 0.956667 0.3875 0.953333 0.385 0.943333 0.38 0.963333 0.3875 0.975 0.395 0.976667 0.395 0.968333 0.405 0.965 0.4175 0.968333 0.4175 0.975 0.4175 0.98 0.395 0.978333 0.3975 0.98 0.4225 0.983333 0.44 0.971667 0.4475 0.955 0.445 0.951667 0.455 0.906667 0.4575 0.898333 0.4575 0.891667 0.455 0.888333 0.455 0.896667 0.455 0.906667
3 0.455 0.896667 0.455 0.906667 0.4575 0.898333 0.4575 0.891667 0.455 0.888333
8 0.475 0.548333 0.4825 0.551667 0.5475 0.56 0.5925 0.56 0.6225 0.55 0.625 0.553333 0.625 0.568333 0.5875 0.576667 0.535 0.568333 0.5 0.558333 0.475 0.556667 0.475 0.548333 0.44 0.551667 0.4375 0.545 0.415 0.541667 0.39 0.535 0.39 0.538333 0.39 0.548333 0.405 0.548333 0.44 0.551667
8 0.415 0.51 0.4025 0.5 0.3925 0.49 0.39 0.496667 0.395 0.525 0.3875 0.535 0.4275 0.543333 0.4375 0.545 0.415 0.51 0.4475 0.503333 0.475 0.548333 0.485 0.551667 0.54 0.558333 0.59 0.561667 0.625 0.55 0.6225 0.508333 0.565 0.506667 0.565 0.516667 0.565 0.526667 0.5375 0.538333 0.53 0.526667 0.5375 0.513333 0.5425 0.505 0.485 0.506667 0.4475 0.503333
0 0.3 0.501667 0.2825 0.598333 0.2725 0.625 0.2825 0.626667 0.3175 0.631667 0.335 0.631667 0.34 0.626667 0.3675 0.623333 0.365 0.605 0.3475 0.585 0.34 0.566667 0.3325 0.538333 0.3175 0.533333 0.32 0.52 0.3125 0.495 0.3025 0.496667
1 0.475 0.548333 0.475 0.555 0.495 0.58 0.4825 0.596667 0.465 0.588333 0.44 0.551667 0.435 0.54 0.41 0.508333 0.3975 0.498333 0.39 0.486667 0.395 0.486667 0.4 0.476667 0.405 0.468333 0.4175 0.48 0.4325 0.488333 0.45 0.505 0.475 0.548333 0.5375 0.538333 0.565 0.526667 0.565 0.508333 0.57 0.495 0.5775 0.491667 0.615 0.491667 0.625 0.491667 0.62 0.476667 0.57 0.478333 0.565 0.481667 0.56 0.493333 0.5425 0.51 0.53 0.525 0.5375 0.538333
12 0.485 0.211667 0.4725 0.243333 0.475 0.28 0.4975 0.276667 0.5575 0.265 0.5775 0.261667 0.5925 0.253333 0.605 0.243333 0.5975 0.211667 0.575 0.225 0.55 0.235 0.5375 0.245 0.5225 0.245 0.5175 0.243333 0.51 0.223333 0.495 0.205
4 0.4375 0.225 0.4125 0.225 0.3825 0.241667 0.3625 0.266667 0.3425 0.335 0.32 0.393333 0.3175 0.418333 0.315 0.481667 0.3125 0.498333 0.32 0.52 0.3175 0.531667 0.335 0.538333 0.3425 0.533333 0.385 0.53 0.39 0.533333 0.395 0.523333 0.39 0.491667 0.3925 0.486667 0.4025 0.476667 0.405 0.468333 0.42 0.48 0.4325 0.49 0.455 0.505 0.4875 0.506667 0.5475 0.505 0.56 0.491667 0.57 0.48 0.6225 0.476667 0.6275 0.491667 0.5775 0.491667 0.57 0.495 0.565 0.506667 0.625 0.508333 0.6275 0.548333 0.625 0.565 0.635 0.561667 0.6525 0.563333 0.67 0.566667 0.6775 0.571667 0.6875 0.571667 0.6875 0.546667 0.6875 0.533333 0.6925 0.481667 0.695 0.443333 0.69 0.42 0.6875 0.41 0.6925 0.408333 0.7 0.388333 0.705 0.336667 0.7075 0.291667 0.6925 0.253333 0.68 0.248333 0.65 0.245 0.6275 0.271667 0.61 0.283333 0.6025 0.285 0.595 0.271667 0.585 0.261667 0.55 0.266667 0.495 0.276667 0.4725 0.278333 0.4725 0.241667 0.4625 0.233333
3 0.4625 0.951667 0.4425 0.961667 0.4575 0.963333 0.46 0.966667 0.4575 0.973333 0.4575 0.975 0.4475 0.975 0.4375 0.971667 0.44 0.976667 0.4675 0.978333 0.5125 0.976667 0.5275 0.973333 0.535 0.965 0.545 0.948333 0.5575 0.941667 0.565 0.94 0.58 0.926667 0.59 0.92 0.59 0.91 0.59 0.903333 0.5775 0.896667 0.57 0.901667 0.57 0.911667 0.5525 0.936667 0.5375 0.955 0.51 0.965 0.4825 0.961667 0.4725 0.956667
