4 0.8325 0.221667 0.8275 0.275 0.8675 0.286667 0.91 0.278333 0.93 0.275 0.9325 0.261667 0.925 0.231667 0.8675 0.193333 0.835 0.2 0.8325 0.221667 0.675 0.221667 0.6275 0.263333 0.605 0.305 0.5925 0.363333 0.6075 0.286667 0.6275 0.238333 0.655 0.201667 0.63 0.223333 0.5975 0.286667 0.585 0.316667 0.5975 0.251667 0.545 0.218333 0.5 0.186667 0.4825 0.136667 0.49 0.118333 0.5425 0.123333 0.565 0.125 0.5825 0.153333 0.5825 0.165 0.6075 0.181667 0.64 0.193333 0.66 0.201667 0.675 0.221667
1 0.6025 0.375 0.665 0.378333 0.6825 0.383333 0.71 0.383333 0.7275 0.38 0.7925 0.386667 0.8 0.375 0.7775 0.366667 0.725 0.366667 0.715 0.36 0.6925 0.356667 0.67 0.356667 0.6575 0.363333 0.5975 0.36
10 0.78 0.363333 0.75 0.358333 0.705 0.355 0.6575 0.351667 0.6225 0.353333 0.5975 0.356667 0.5875 0.365 0.575 0.416667 0.56 0.466667 0.5625 0.528333 0.5675 0.59 0.635 0.6 0.73 0.608333 0.8225 0.605 0.8275 0.588333 0.8275 0.561667 0.825 0.506667 0.815 0.448333 0.81 0.416667 0.7925 0.386667 0.7275 0.381667 0.71 0.385 0.6825 0.385 0.665 0.378333 0.6025 0.373333 0.5975 0.361667 0.6575 0.363333 0.6725 0.356667 0.7 0.358333 0.7175 0.361667 0.725 0.366667 0.78 0.366667
0 0.5775 0.318333 0.555 0.381667 0.5425 0.42 0.525 0.423333 0.4975 0.498333 0.4725 0.55 0.5225 0.558333 0.5675 0.565 0.56 0.53 0.56 0.465 0.575 0.415 0.6075 0.301667 0.6075 0.285 0.63 0.238333 0.655 0.201667 0.63 0.22 0.595 0.285 0.585 0.313333
8 0.6625 0.238333 0.6775 0.26 0.7 0.281667 0.7125 0.275 0.7275 0.246667 0.7575 0.258333 0.8 0.256667 0.8 0.31 0.8075 0.331667 0.8 0.351667 0.795 0.365 0.7825 0.365 0.7425 0.356667 0.705 0.351667 0.655 0.351667 0.625 0.353333 0.5925 0.356667 0.6075 0.301667 0.63 0.26 0.66 0.235
7 0.6175 0.605 0.6275 0.683333 0.67 0.823333 0.675 0.861667 0.705 0.855 0.72 0.843333 0.7275 0.831667 0.75 0.766667 0.7725 0.716667 0.7825 0.666667 0.7825 0.61 0.7275 0.608333 0.635 0.601667
3 0.67 0.841667 0.655 0.87 0.6425 0.878333 0.6225 0.888333 0.6 0.9 0.6 0.908333 0.6275 0.911667 0.665 0.911667 0.67 0.913333 0.6725 0.896667 0.68 0.863333
3 0.67 0.841667 0.655 0.87 0.6425 0.878333 0.6225 0.888333 0.6 0.9 0.6 0.908333 0.6275 0.911667 0.665 0.911667 0.67 0.913333 0.6725 0.896667 0.68 0.863333
3 0.735 0.828333 0.75 0.853333 0.7475 0.865 0.735 0.873333 0.73 0.845 0.7275 0.835 0.725 0.833333
3 0.68 0.865 0.675 0.898333 0.67 0.913333 0.675 0.92 0.69 0.925 0.71 0.926667 0.7375 0.923333 0.7425 0.913333 0.73 0.846667 0.7225 0.841667 0.705 0.855 0.6775 0.86 0.68 0.865 0.68 0.865 0.675 0.898333 0.67 0.913333 0.675 0.92 0.69 0.925 0.71 0.926667 0.7375 0.923333 0.7425 0.913333 0.73 0.846667 0.7225 0.841667 0.705 0.855 0.6775 0.86 0.68 0.865
