8 0.5025 0.298333 0.525 0.345 0.4375 0.346667 0.45 0.306667
12 0.4375 0.158333 0.48 0.205 0.49 0.181667 0.5025 0.161667 0.5175 0.151667 0.555 0.151667 0.61 0.18 0.595 0.221667 0.56 0.27 0.5175 0.293333 0.505 0.296667 0.4475 0.306667 0.425 0.303333 0.3725 0.246667 0.325 0.193333 0.3325 0.186667 0.36 0.176667 0.3825 0.166667 0.4225 0.17
4 0.5025 0.3 0.525 0.35 0.56 0.405 0.6 0.381667 0.605 0.366667 0.61 0.398333 0.62 0.426667 0.635 0.436667 0.62 0.451667 0.6225 0.471667 0.6525 0.471667 0.6825 0.483333 0.6875 0.478333 0.68 0.386667 0.6625 0.306667 0.6325 0.206667 0.6075 0.178333 0.5925 0.221667 0.56 0.271667 0.5025 0.3 0.4475 0.306667 0.425 0.303333 0.37 0.245 0.325 0.19 0.325 0.198333 0.2975 0.315 0.2975 0.395 0.295 0.456667 0.29 0.488333 0.3025 0.495 0.3325 0.483333 0.3675 0.476667 0.3675 0.4 0.4125 0.418333 0.42 0.416667 0.4425 0.346667 0.4475 0.306667
1 0.445 0.363333 0.5375 0.368333 0.525 0.346667 0.4375 0.346667 0.4375 0.363333
10 0.3675 0.483333 0.3675 0.511667 0.3575 0.53 0.3625 0.548333 0.3875 0.543333 0.4125 0.56 0.4825 0.561667 0.55 0.556667 0.565 0.553333 0.6025 0.555 0.65 0.548333 0.6275 0.506667 0.63 0.485 0.62 0.471667 0.62 0.451667 0.635 0.436667 0.625 0.425 0.61 0.396667 0.605 0.363333 0.6 0.381667 0.56 0.406667 0.5375 0.366667 0.4375 0.363333 0.4225 0.415 0.41 0.418333 0.3675 0.4
0 0.315 0.505 0.3 0.536667 0.3225 0.55 0.3575 0.556667 0.385 0.553333 0.385 0.541667 0.3625 0.548333 0.3575 0.53 0.3625 0.521667 0.3375 0.521667
3 0.4625 0.825 0.49 0.833333 0.505 0.828333 0.5025 0.86 0.4925 0.89 0.48 0.906667 0.4725 0.878333 0.46 0.845
3 0.4625 0.825 0.49 0.833333 0.505 0.828333 0.5025 0.86 0.4925 0.89 0.48 0.906667 0.4725 0.878333 0.46 0.845
7 0.6 0.56 0.575 0.661667 0.575 0.73 0.5525 0.816667 0.545 0.865 0.5275 0.868333 0.5075 0.863333 0.5075 0.828333 0.49 0.83 0.4675 0.825 0.445 0.788333 0.4125 0.703333 0.4175 0.655 0.4025 0.606667 0.3825 0.556667 0.385 0.541667 0.4125 0.558333 0.485 0.563333 0.55 0.558333 0.5675 0.555 0.605 0.553333
3 0.5025 0.863333 0.5275 0.866667 0.54 0.865 0.55 0.88 0.5475 0.915 0.5425 0.936667 0.5325 0.945 0.5025 0.946667 0.48 0.943333 0.4725 0.93 0.4925 0.888333 0.5025 0.863333 0.5025 0.863333 0.5275 0.866667 0.54 0.865 0.55 0.88 0.5475 0.915 0.5425 0.936667 0.5325 0.945 0.5025 0.946667 0.48 0.943333 0.4725 0.93 0.4925 0.888333 0.5025 0.863333
