1 0.365 0.488333 0.3475 0.506667 0.3775 0.518333 0.43 0.531667 0.4775 0.54 0.5275 0.545 0.5275 0.568333 0.5175 0.576667 0.5175 0.625 0.52 0.691667 0.525 0.725 0.52 0.751667 0.5225 0.761667 0.53 0.76 0.54 0.795 0.5475 0.811667 0.5725 0.811667 0.5725 0.805 0.56 0.778333 0.56 0.768333 0.56 0.756667 0.5625 0.75 0.56 0.715 0.5575 0.698333 0.5575 0.678333 0.5675 0.665 0.5675 0.625 0.565 0.568333 0.555 0.563333 0.545 0.563333 0.5425 0.536667 0.54 0.533333 0.5225 0.533333 0.515 0.535 0.49 0.523333 0.405 0.501667
0 0.295 0.413333 0.275 0.425 0.26 0.45 0.2475 0.51 0.24 0.523333 0.24 0.53 0.2275 0.55 0.215 0.55 0.21 0.555 0.2175 0.563333 0.2175 0.565 0.2 0.6 0.18 0.63 0.17 0.643333 0.1575 0.651667 0.16 0.661667 0.18 0.661667 0.2175 0.67 0.2425 0.676667 0.3025 0.666667 0.3175 0.663333 0.32 0.661667 0.34 0.656667 0.3375 0.63 0.325 0.606667 0.3225 0.58 0.31 0.57 0.31 0.545 0.31 0.54 0.3175 0.528333 0.32 0.511667 0.33 0.465 0.31 0.461667 0.3175 0.425 0.3275 0.416667 0.32 0.415
4 0.28 0.456667 0.2875 0.456667 0.295 0.425 0.2825 0.445
12 0.39 0.218333 0.3675 0.238333 0.3725 0.253333 0.39 0.27 0.38 0.273333 0.3975 0.295 0.3975 0.341667 0.4025 0.356667 0.4075 0.37 0.42 0.411667 0.4425 0.421667 0.4725 0.418333 0.495 0.418333 0.5 0.416667 0.5125 0.413333 0.5 0.401667 0.5175 0.403333 0.52 0.435 0.5275 0.466667 0.5425 0.468333 0.55 0.465 0.5575 0.465 0.57 0.463333 0.575 0.458333 0.59 0.456667 0.6025 0.461667 0.6125 0.468333 0.6275 0.465 0.625 0.46 0.6425 0.458333 0.645 0.455 0.64 0.448333 0.64 0.416667 0.635 0.413333 0.635 0.376667 0.62 0.328333 0.6075 0.291667 0.595 0.256667 0.5725 0.233333 0.55 0.223333 0.55 0.213333 0.5325 0.21 0.505 0.215 0.5025 0.218333 0.4725 0.223333 0.4425 0.226667 0.415 0.225 0.3975 0.225
4 0.4125 0.446667 0.4025 0.441667 0.385 0.438333 0.38 0.428333 0.395 0.413333 0.4025 0.415 0.4125 0.411667 0.4225 0.413333 0.41 0.385 0.405 0.358333 0.395 0.336667 0.3975 0.298333 0.3975 0.291667 0.3875 0.281667 0.3825 0.273333 0.3725 0.275 0.335 0.281667 0.33 0.283333 0.315 0.295 0.3175 0.31 0.315 0.325 0.2975 0.355 0.2875 0.38 0.28 0.386667 0.28 0.395 0.2725 0.405 0.2675 0.413333 0.265 0.438333 0.275 0.425 0.2975 0.413333 0.3275 0.415 0.3175 0.426667 0.3125 0.463333 0.3325 0.465 0.3225 0.491667 0.3225 0.51 0.32 0.52 0.355 0.5 0.375 0.473333 0.3925 0.455 0.4125 0.446667 0.4875 0.473333 0.4925 0.468333 0.5175 0.47 0.5225 0.468333 0.535 0.466667 0.56 0.466667 0.5775 0.458333 0.5975 0.46 0.6125 0.468333 0.625 0.463333 0.645 0.456667 0.6375 0.411667 0.6275 0.358333 0.6175 0.32 0.6075 0.296667 0.605 0.276667 0.5975 0.261667 0.6275 0.268333 0.63 0.275 0.63 0.281667 0.6425 0.295 0.65 0.335 0.66 0.386667 0.6675 0.418333 0.675 0.45 0.68 0.498333 0.6825 0.523333 0.685 0.536667 0.68 0.543333 0.665 0.541667 0.6625 0.543333 0.645 0.546667 0.62 0.546667 0.605 0.551667 0.56 0.543333 0.5425 0.533333 0.5175 0.533333 0.4875 0.518333 0.4875 0.485 0.4875 0.473333
8 0.4175 0.445 0.41 0.446667 0.4 0.451667 0.385 0.461667 0.3775 0.476667 0.42 0.483333 0.4525 0.486667 0.4875 0.49 0.4875 0.476667 0.47 0.471667 0.45 0.46 0.4175 0.445 0.5125 0.338333 0.5175 0.34 0.5 0.401667 0.5125 0.411667 0.51 0.416667 0.505 0.42 0.4925 0.42 0.4825 0.421667 0.5175 0.433333 0.52 0.433333 0.5175 0.403333 0.5 0.401667 0.5175 0.34 0.5225 0.296667 0.525 0.285 0.525 0.283333 0.515 0.286667 0.5075 0.295 0.4775 0.3 0.4625 0.301667 0.485 0.315 0.5125 0.338333
7 0.5275 0.545 0.4675 0.538333 0.43 0.531667 0.3675 0.515 0.345 0.506667 0.3175 0.52 0.315 0.526667 0.3075 0.546667 0.31 0.568333 0.3225 0.581667 0.325 0.606667 0.3375 0.631667 0.34 0.656667 0.345 0.665 0.3575 0.715 0.3675 0.756667 0.38 0.801667 0.3975 0.835 0.4175 0.865 0.4225 0.865 0.4275 0.863333 0.46 0.863333 0.4725 0.861667 0.475 0.858333 0.4725 0.853333 0.4725 0.831667 0.465 0.806667 0.4575 0.795 0.4575 0.776667 0.45 0.768333 0.4475 0.738333 0.4475 0.731667 0.4525 0.728333 0.455 0.686667 0.4575 0.648333 0.455 0.628333 0.465 0.625 0.475 0.611667 0.4825 0.601667 0.5 0.618333 0.5175 0.628333 0.52 0.575 0.5275 0.568333 0.5275 0.545 0.5175 0.533333 0.54 0.533333 0.5575 0.541667 0.605 0.551667 0.62 0.545 0.61 0.568333 0.61 0.593333 0.61 0.601667 0.6225 0.601667 0.625 0.598333 0.63 0.581667 0.63 0.595 0.63 0.603333 0.625 0.621667 0.645 0.615 0.6575 0.608333 0.6625 0.611667 0.685 0.643333 0.71 0.678333 0.7225 0.696667 0.725 0.711667 0.7225 0.715 0.72 0.721667 0.7075 0.758333 0.705 0.803333 0.705 0.848333 0.7025 0.851667 0.675 0.856667 0.645 0.86 0.6275 0.853333 0.625 0.835 0.62 0.79 0.6175 0.751667 0.6175 0.741667 0.6075 0.723333 0.6075 0.703333 0.5925 0.695 0.565 0.673333 0.565 0.665 0.5675 0.618333 0.5675 0.568333 0.555 0.565 0.545 0.561667 0.54 0.533333 0.5175 0.533333 0.5125 0.535 0.4925 0.523333 0.405 0.5 0.3625 0.488333 0.375 0.476667 0.4225 0.483333 0.4875 0.49 0.4875 0.518333 0.5175 0.533333
3 0.4425 0.911667 0.44 0.898333 0.4375 0.893333 0.4325 0.896667 0.4375 0.911667 0.4425 0.911667 0.4425 0.935 0.45 0.956667 0.4625 0.963333 0.4875 0.968333 0.51 0.968333 0.5125 0.965 0.4875 0.965 0.475 0.965 0.4725 0.958333 0.48 0.95 0.5075 0.951667 0.5175 0.956667 0.5175 0.951667 0.5175 0.94 0.5125 0.938333 0.4975 0.941667 0.47 0.945 0.4525 0.943333 0.4475 0.935 0.4425 0.935
3 0.635 0.878333 0.62 0.893333 0.62 0.91 0.6275 0.915 0.6375 0.918333 0.6425 0.926667 0.6425 0.94 0.645 0.941667 0.65 0.941667 0.65 0.925 0.6525 0.92 0.665 0.923333 0.67 0.92 0.6875 0.925 0.7 0.933333 0.7 0.945 0.7175 0.948333 0.7625 0.951667 0.775 0.95 0.7775 0.945 0.7675 0.941667 0.7725 0.933333 0.76 0.925 0.7525 0.926667 0.745 0.93 0.7375 0.933333 0.7225 0.935 0.695 0.925 0.6825 0.918333 0.6725 0.916667 0.665 0.903333 0.6575 0.891667 0.6425 0.883333
11 0.4475 0.111667 0.41 0.121667 0.395 0.131667 0.385 0.14 0.385 0.145 0.365 0.151667 0.3525 0.165 0.35 0.178333 0.36 0.188333 0.3725 0.196667 0.3825 0.201667 0.3625 0.183333 0.37 0.166667 0.37 0.153333 0.395 0.148333 0.4175 0.146667 0.4625 0.15 0.505 0.155 0.53 0.165 0.5275 0.16 0.5075 0.155 0.5025 0.145 0.495 0.131667 0.475 0.118333 0.46 0.11
