12 0.5725 0.168333 0.5775 0.226667 0.6 0.256667 0.595 0.298333 0.6525 0.37 0.6825 0.426667 0.695 0.461667 0.6875 0.478333 0.68 0.468333 0.655 0.446667 0.61 0.373333 0.6 0.36 0.6075 0.426667 0.6175 0.465 0.6 0.468333 0.6025 0.491667 0.5875 0.491667 0.5725 0.486667 0.5725 0.495 0.55 0.496667 0.5325 0.488333 0.54 0.353333 0.55 0.3 0.5225 0.268333 0.505 0.235 0.495 0.198333 0.515 0.2 0.565 0.263333 0.57 0.288333 0.5825 0.281667 0.565 0.265 0.56 0.253333 0.5575 0.236667 0.5475 0.226667 0.5425 0.205 0.5475 0.186667 0.55 0.176667
8 0.5925 0.303333 0.6025 0.258333 0.6325 0.318333 0.625 0.321667 0.6125 0.318333 0.605 0.308333 0.5925 0.303333 0.55 0.301667 0.57 0.29 0.565 0.271667 0.5525 0.25 0.54 0.231667 0.56 0.235 0.5575 0.253333 0.5825 0.283333 0.57 0.29 0.55 0.301667 0.55 0.318333 0.54 0.326667 0.5225 0.323333 0.505 0.321667 0.5025 0.236667 0.55 0.301667
10 0.6075 0.363333 0.6725 0.47 0.665 0.48 0.67 0.485 0.71 0.486667 0.715 0.518333 0.7275 0.606667 0.7075 0.616667 0.69 0.623333 0.6925 0.663333 0.67 0.663333 0.6425 0.66 0.64 0.671667 0.62 0.676667 0.57 0.683333 0.5425 0.675 0.52 0.67 0.485 0.673333 0.4725 0.666667 0.4625 0.651667 0.4375 0.653333 0.4125 0.651667 0.4025 0.636667 0.4225 0.566667 0.4425 0.456667 0.44 0.425 0.4725 0.441667 0.4775 0.408333 0.48 0.355 0.5075 0.385 0.5025 0.358333 0.5125 0.356667 0.5275 0.366667 0.545 0.373333 0.535 0.49 0.555 0.496667 0.5775 0.491667 0.5975 0.495 0.6025 0.491667 0.605 0.466667 0.6175 0.465 0.605 0.371667 0.6075 0.363333 0.64 0.356667 0.6325 0.343333 0.6425 0.338333 0.655 0.353333 0.67 0.401667 0.64 0.356667
1 0.6125 0.321667 0.6325 0.318333 0.6425 0.336667 0.63 0.341667 0.6125 0.321667 0.5475 0.325 0.545 0.34 0.495 0.325 0.51 0.32 0.5475 0.325
3 0.5325 0.783333 0.535 0.801667 0.5275 0.815 0.525 0.828333 0.535 0.841667 0.5325 0.863333 0.5225 0.87 0.51 0.875 0.485 0.875 0.465 0.866667 0.465 0.838333 0.4675 0.816667 0.4625 0.836667 0.44 0.835 0.4625 0.761667 0.4875 0.748333 0.5275 0.776667
3 0.5325 0.783333 0.535 0.801667 0.5275 0.815 0.525 0.828333 0.535 0.841667 0.5325 0.863333 0.5225 0.87 0.51 0.875 0.485 0.875 0.465 0.866667 0.465 0.838333 0.4675 0.816667 0.4625 0.836667 0.44 0.835 0.4625 0.761667 0.4875 0.748333 0.5275 0.776667
4 0.4825 0.365 0.475 0.443333 0.46 0.443333 0.44 0.425 0.425 0.341667 0.44 0.356667 0.4775 0.353333 0.48 0.35
4 0.3725 0.211667 0.3625 0.25 0.37 0.28 0.3675 0.305 0.3825 0.325 0.37 0.333333 0.34 0.34 0.3025 0.34 0.28 0.336667 0.2625 0.325 0.2475 0.325 0.2425 0.316667 0.1975 0.29 0.19 0.273333 0.2 0.263333 0.2125 0.275 0.22 0.28 0.2325 0.261667 0.24 0.25 0.2975 0.285 0.3225 0.281667 0.345 0.258333 0.3425 0.24 0.3425 0.225 0.3725 0.2
4 0.5675 0.163333 0.575 0.226667 0.6275 0.306667 0.675 0.4 0.6825 0.431667 0.68 0.401667 0.685 0.408333 0.6975 0.406667 0.725 0.415 0.745 0.415 0.75 0.37 0.7475 0.331667 0.75 0.286667 0.7325 0.23 0.7025 0.175 0.6725 0.15 0.6425 0.14 0.61 0.145 0.5875 0.146667 0.5775 0.131667
3 0.5775 0.761667 0.605 0.783333 0.6275 0.803333 0.615 0.808333 0.6525 0.84 0.6675 0.856667 0.66 0.873333 0.6525 0.878333 0.61 0.885 0.585 0.875 0.56 0.838333 0.5425 0.816667 0.56 0.853333 0.5425 0.855 0.5275 0.806667 0.5325 0.773333 0.55 0.781667 0.58 0.786667 0.5725 0.768333 0.5775 0.761667 0.5775 0.761667 0.605 0.783333 0.6275 0.803333 0.615 0.808333 0.6525 0.84 0.6675 0.856667 0.66 0.873333 0.6525 0.878333 0.61 0.885 0.585 0.875 0.56 0.838333 0.5425 0.816667 0.56 0.853333 0.5425 0.855 0.5275 0.806667 0.5325 0.773333 0.55 0.781667 0.58 0.786667 0.5725 0.768333 0.5775 0.761667
