0 0.63 0.593333 0.62 0.618333 0.61 0.668333 0.5975 0.701667 0.6675 0.705 0.6725 0.661667 0.6725 0.633333 0.67 0.588333 0.6475 0.578333 0.6475 0.561667 0.6375 0.546667
8 0.535 0.191667 0.54 0.163333 0.5225 0.158333 0.485 0.168333 0.455 0.16 0.435 0.181667 0.405 0.2 0.4275 0.206667 0.4525 0.208333 0.5275 0.208333 0.535 0.191667 0.57 0.201667 0.6225 0.188333 0.575 0.178333 0.57 0.201667
11 0.5825 0.115 0.565 0.07 0.53 0.0366667 0.475 0.0266667 0.4375 0.0333333 0.4075 0.06 0.3975 0.0966667 0.375 0.0733333 0.39 0.0283333 0.4375 0.005 0.485 0.005 0.5375 0.015 0.5725 0.0333333 0.605 0.06 0.6125 0.0916667 0.595 0.121667
4 0.5725 0.333333 0.5925 0.285 0.58 0.265 0.5625 0.201667 0.62 0.186667 0.6325 0.195 0.6525 0.211667 0.67 0.331667 0.6825 0.496667 0.6675 0.545 0.61 0.538333 0.6 0.506667 0.6175 0.49 0.605 0.388333 0.5825 0.346667 0.5725 0.333333 0.5425 0.331667 0.4925 0.335 0.4375 0.331667 0.4025 0.333333 0.395 0.316667 0.3875 0.303333 0.3725 0.226667 0.33 0.226667 0.32 0.255 0.3275 0.31 0.3375 0.31 0.3375 0.333333 0.36 0.368333 0.3525 0.38 0.3 0.385 0.27 0.368333 0.2625 0.35 0.28 0.316667 0.2975 0.291667 0.32 0.255 0.33 0.226667 0.3525 0.208333 0.4 0.196667 0.42 0.203333 0.4525 0.206667 0.5275 0.21 0.5275 0.215 0.5475 0.268333 0.56 0.283333 0.5625 0.296667 0.5425 0.331667
1 0.405 0.358333 0.4825 0.35 0.535 0.353333 0.54 0.331667 0.4875 0.331667 0.435 0.333333 0.4025 0.333333
10 0.385 0.373333 0.3925 0.42 0.3625 0.406667 0.3475 0.455 0.3225 0.548333 0.3125 0.601667 0.3625 0.606667 0.3575 0.631667 0.395 0.65 0.385 0.606667 0.445 0.593333 0.5225 0.588333 0.52 0.606667 0.545 0.62 0.5625 0.628333 0.5425 0.666667 0.54 0.703333 0.565 0.73 0.5975 0.728333 0.595 0.703333 0.61 0.666667 0.62 0.613333 0.625 0.59 0.6375 0.546667 0.6175 0.555 0.61 0.538333 0.5975 0.503333 0.6175 0.488333 0.6025 0.386667 0.5975 0.375 0.5675 0.37 0.5375 0.355 0.48 0.351667 0.4025 0.358333
3 0.4375 0.871667 0.445 0.873333 0.4625 0.873333 0.48 0.868333 0.485 0.866667 0.4875 0.87 0.4775 0.875 0.46 0.876667 0.44 0.876667 0.4325 0.876667 0.4325 0.871667
3 0.4325 0.926667 0.45 0.935 0.4625 0.938333 0.475 0.938333 0.49 0.933333 0.5 0.928333 0.5025 0.931667 0.505 0.955 0.5 0.968333 0.495 0.98 0.4925 0.978333 0.4475 0.98 0.4375 0.976667 0.43 0.97 0.4325 0.955 0.425 0.945 0.425 0.93
7 0.4875 0.868333 0.49 0.873333 0.4925 0.901667 0.5 0.928333 0.4925 0.933333 0.475 0.938333 0.46 0.938333 0.45 0.935 0.43 0.923333 0.4375 0.891667 0.4325 0.875 0.44 0.876667 0.46 0.876667 0.4775 0.873333 0.4875 0.868333 0.545 0.618333 0.5175 0.606667 0.525 0.586667 0.4475 0.593333 0.3875 0.605 0.395 0.648333 0.4025 0.671667 0.405 0.695 0.3975 0.72 0.395 0.765 0.4125 0.805 0.425 0.83 0.4325 0.856667 0.5825 0.863333 0.565 0.866667 0.545 0.865 0.525 0.861667 0.5275 0.865 0.52 0.898333 0.5125 0.913333 0.52 0.923333 0.54 0.926667 0.55 0.923333 0.5675 0.916667 0.5825 0.908333 0.585 0.895 0.59 0.858333 0.5825 0.863333 0.4325 0.856667 0.43 0.868333 0.445 0.873333 0.4575 0.871667 0.475 0.868333 0.485 0.865 0.4825 0.856667 0.4825 0.835 0.4825 0.798333 0.4825 0.765 0.5 0.773333 0.5125 0.8 0.5275 0.826667 0.5275 0.846667 0.53 0.856667 0.5425 0.86 0.5625 0.861667 0.58 0.858333 0.58 0.84 0.58 0.81 0.5725 0.76 0.565 0.736667 0.5625 0.728333 0.54 0.703333 0.5425 0.663333 0.565 0.63 0.545 0.618333
3 0.5275 0.861667 0.5475 0.866667 0.565 0.866667 0.5825 0.863333 0.5875 0.86 0.585 0.895 0.5825 0.908333 0.5675 0.916667 0.5525 0.923333 0.5375 0.926667 0.5225 0.923333 0.5125 0.915 0.5025 0.931667 0.505 0.953333 0.5075 0.966667 0.5175 0.97 0.54 0.97 0.5575 0.966667 0.57 0.96 0.5775 0.953333 0.5825 0.941667 0.5875 0.921667 0.5875 0.908333 0.5925 0.893333 0.605 0.875 0.595 0.861667 0.6025 0.853333 0.595 0.855 0.5875 0.853333 0.58 0.856667 0.565 0.86 0.545 0.86 0.5275 0.858333 0.5275 0.861667 0.5275 0.861667 0.5475 0.866667 0.565 0.866667 0.5825 0.863333 0.5875 0.86 0.585 0.895 0.5825 0.908333 0.5675 0.916667 0.5525 0.923333 0.5375 0.926667 0.5225 0.923333 0.5125 0.915 0.5025 0.931667 0.505 0.953333 0.5075 0.966667 0.5175 0.97 0.54 0.97 0.5575 0.966667 0.57 0.96 0.5775 0.953333 0.5825 0.941667 0.5875 0.921667 0.5875 0.908333 0.5925 0.893333 0.605 0.875 0.595 0.861667 0.6025 0.853333 0.595 0.855 0.5875 0.853333 0.58 0.856667 0.565 0.86 0.545 0.86 0.5275 0.858333 0.5275 0.861667
