0 0.51 0.406667 0.4625 0.465 0.435 0.515 0.44 0.521667 0.455 0.521667 0.47 0.493333 0.5175 0.416667
0 0.4175 0.571667 0.415 0.62 0.4425 0.646667 0.5275 0.65 0.585 0.648333 0.6125 0.63 0.62 0.616667 0.62 0.555 0.6175 0.531667 0.5975 0.531667 0.6 0.546667 0.565 0.546667 0.51 0.55 0.4975 0.561667 0.475 0.561667 0.4475 0.585 0.45 0.558333
6 0.41 0.253333 0.4175 0.258333 0.4325 0.255 0.4475 0.258333 0.485 0.258333 0.5025 0.263333 0.4975 0.276667 0.4825 0.281667 0.465 0.278333 0.4575 0.265 0.4425 0.28 0.425 0.278333 0.4125 0.27
4 0.41 0.323333 0.37 0.328333 0.3325 0.331667 0.28 0.381667 0.2325 0.426667 0.2625 0.471667 0.31 0.515 0.3525 0.553333 0.3575 0.525 0.34 0.518333 0.3575 0.493333 0.3825 0.493333 0.38 0.418333 0.3725 0.415 0.4075 0.335
4 0.4975 0.358333 0.4725 0.428333 0.4525 0.483333 0.49 0.431667 0.515 0.381667
4 0.5275 0.335 0.5425 0.386667 0.55 0.426667 0.5275 0.445 0.52 0.406667 0.4925 0.455 0.45 0.523333 0.46 0.538333 0.4825 0.55 0.5175 0.546667 0.56 0.538333 0.5825 0.473333 0.5925 0.441667 0.5875 0.39 0.5625 0.341667
8 0.425 0.313333 0.41 0.325 0.3875 0.381667 0.37 0.415 0.38 0.42 0.385 0.493333 0.4 0.5 0.395 0.505 0.4125 0.525 0.42 0.525 0.435 0.52 0.4575 0.475 0.4875 0.383333 0.495 0.351667 0.485 0.318333 0.4525 0.33
7 0.3625 0.533333 0.3575 0.56 0.37 0.685 0.38 0.755 0.39 0.785 0.3825 0.793333 0.3875 0.806667 0.405 0.816667 0.4375 0.81 0.4525 0.816667 0.485 0.816667 0.5 0.808333 0.4975 0.791667 0.51 0.731667 0.515 0.68 0.51 0.648333 0.445 0.648333 0.4125 0.62 0.4175 0.566667 0.4075 0.561667 0.4225 0.551667 0.415 0.526667 0.3825 0.533333
3 0.38 0.848333 0.37 0.86 0.365 0.868333 0.365 0.876667 0.375 0.886667 0.395 0.886667 0.4125 0.881667 0.42 0.875 0.4275 0.861667 0.425 0.853333 0.415 0.856667 0.385 0.851667
3 0.38 0.848333 0.37 0.86 0.365 0.868333 0.365 0.876667 0.375 0.886667 0.395 0.886667 0.4125 0.881667 0.42 0.875 0.4275 0.861667 0.425 0.853333 0.415 0.856667 0.385 0.851667
3 0.43 0.86 0.425 0.88 0.435 0.876667 0.4525 0.878333 0.465 0.883333 0.4625 0.891667 0.4425 0.891667 0.425 0.891667 0.43 0.896667 0.4475 0.9 0.4725 0.896667 0.4875 0.885 0.4875 0.868333 0.4775 0.863333 0.47 0.865 0.4425 0.866667 0.43 0.86 0.43 0.86 0.425 0.88 0.435 0.876667 0.4525 0.878333 0.465 0.883333 0.4625 0.891667 0.4425 0.891667 0.425 0.891667 0.43 0.896667 0.4475 0.9 0.4725 0.896667 0.4875 0.885 0.4875 0.868333 0.4775 0.863333 0.47 0.865 0.4425 0.866667 0.43 0.86
