12 0.4625 0.343333 0.4175 0.403333 0.4075 0.433333 0.405 0.523333 0.425 0.528333 0.4775 0.533333 0.5025 0.528333 0.505 0.581667 0.53 0.578333 0.54 0.59 0.5625 0.578333 0.6 0.573333 0.595 0.51 0.56 0.37 0.565 0.34 0.5675 0.31 0.5525 0.288333 0.5275 0.28 0.5475 0.308333 0.54 0.336667 0.5125 0.341667 0.4925 0.36
5 0.505 0.583333 0.51 0.67 0.455 0.675 0.415 0.675 0.41 0.725 0.4275 0.728333 0.4475 0.72 0.47 0.72 0.4875 0.73 0.5125 0.728333 0.5225 0.721667 0.5525 0.725 0.565 0.733333 0.5925 0.74 0.595 0.718333 0.595 0.67 0.5825 0.678333 0.5575 0.585
4 0.565 0.315 0.5625 0.353333 0.5825 0.448333 0.6 0.533333 0.625 0.535 0.62 0.503333 0.6225 0.45 0.615 0.37 0.6025 0.325
4 0.5575 0.578333 0.5775 0.651667 0.585 0.676667 0.6025 0.663333 0.6025 0.613333 0.6025 0.571667
4 0.46 0.53 0.445 0.55 0.4525 0.631667 0.4475 0.638333 0.4575 0.666667 0.47 0.673333 0.505 0.67 0.4975 0.53
4 0.3975 0.323333 0.385 0.336667 0.3675 0.381667 0.36 0.393333 0.3725 0.418333 0.39 0.423333 0.41 0.418333 0.445 0.365 0.47 0.335 0.4275 0.325 0.415 0.341667
0 0.3975 0.52 0.3875 0.53 0.3825 0.606667 0.38 0.643333 0.38 0.668333 0.405 0.675 0.45 0.675 0.4475 0.631667 0.45 0.586667 0.445 0.546667 0.4575 0.533333 0.4425 0.53 0.4375 0.536667 0.395 0.526667
3 0.4425 0.773333 0.4375 0.818333 0.44 0.828333 0.455 0.836667 0.48 0.836667 0.4925 0.833333 0.4875 0.815 0.4825 0.805 0.4825 0.773333
3 0.4425 0.773333 0.4375 0.818333 0.44 0.828333 0.455 0.836667 0.48 0.836667 0.4925 0.833333 0.4875 0.815 0.4825 0.805 0.4825 0.773333
3 0.495 0.771667 0.4925 0.8 0.4875 0.826667 0.4975 0.836667 0.5225 0.833333 0.535 0.826667 0.54 0.811667 0.5325 0.791667 0.5325 0.773333 0.495 0.771667 0.495 0.771667 0.4925 0.8 0.4875 0.826667 0.4975 0.836667 0.5225 0.833333 0.535 0.826667 0.54 0.811667 0.5325 0.791667 0.5325 0.773333 0.495 0.771667
