6 0.465 0.0733333 0.47 0.08 0.4825 0.0783333 0.5075 0.08 0.5275 0.0883333 0.5375 0.09 0.5475 0.0816667 0.5675 0.08 0.5825 0.08 0.59 0.09 0.595 0.0966667 0.5925 0.103333 0.585 0.105 0.57 0.108333 0.55 0.108333 0.5375 0.103333 0.5375 0.0933333 0.53 0.0916667 0.52 0.103333 0.51 0.108333 0.495 0.108333 0.48 0.105 0.465 0.0983333 0.465 0.085 0.46 0.0783333
8 0.4225 0.173333 0.3975 0.203333 0.425 0.198333 0.435 0.176667
8 0.4675 0.196667 0.46 0.211667 0.4575 0.221667 0.475 0.23 0.5025 0.23 0.5225 0.225 0.5575 0.218333 0.5775 0.216667 0.5775 0.198333 0.5675 0.188333 0.56 0.198333 0.5525 0.198333 0.525 0.216667 0.5 0.213333
8 0.5425 0.431667 0.5825 0.401667 0.6 0.401667 0.6175 0.406667 0.6325 0.43 0.6325 0.44 0.59 0.456667 0.5725 0.438333
8 0.3375 0.426667 0.3575 0.408333 0.37 0.408333 0.3875 0.421667 0.3925 0.41 0.39 0.4 0.375 0.385 0.345 0.385 0.3275 0.393333 0.315 0.403333 0.32 0.416667 0.3425 0.435 0.3525 0.438333
8 0.5525 0.473333 0.615 0.47 0.66 0.466667 0.6725 0.463333 0.6725 0.476667 0.645 0.493333 0.6025 0.505 0.52 0.518333 0.495 0.515 0.4575 0.508333 0.5025 0.495 0.525 0.483333
8 0.385 0.466667 0.4 0.48 0.4125 0.485 0.41 0.493333 0.3975 0.491667 0.3825 0.481667 0.375 0.471667 0.3775 0.466667
7 0.4625 0.926667 0.4925 0.928333 0.5175 0.921667 0.52 0.855 0.525 0.79 0.5275 0.733333 0.5325 0.725 0.5375 0.753333 0.5425 0.816667 0.5475 0.86 0.5525 0.886667 0.5525 0.926667 0.575 0.933333 0.61 0.928333 0.6275 0.865 0.635 0.803333 0.63 0.73 0.63 0.69 0.635 0.643333 0.6575 0.581667 0.68 0.531667 0.68 0.508333 0.675 0.476667 0.645 0.491667 0.605 0.505 0.5175 0.518333 0.4925 0.515 0.4575 0.51 0.4525 0.518333 0.445 0.536667 0.4525 0.541667 0.445 0.573333 0.4375 0.613333 0.4075 0.631667 0.4275 0.678333 0.4325 0.718333 0.43 0.743333 0.43 0.776667 0.4375 0.84 0.4475 0.883333
3 0.6125 0.986667 0.6225 0.941667 0.61 0.928333 0.605 0.95 0.605 0.965 0.575 0.966667 0.55 0.96 0.5375 0.963333 0.5325 0.98 0.5475 0.998333 0.5725 0.998333
3 0.4525 0.938333 0.43 0.963333 0.43 0.975 0.465 0.995 0.48 0.995 0.5075 0.978333 0.5075 0.951667 0.515 0.933333 0.4975 0.958333 0.4725 0.956667 0.455 0.961667 0.4375 0.96
4 0.4 0.295 0.4 0.32 0.3925 0.315 0.3825 0.338333 0.375 0.385 0.345 0.385 0.3275 0.393333 0.3125 0.401667 0.3 0.378333 0.3 0.348333 0.3075 0.34 0.315 0.318333 0.32 0.301667 0.3275 0.275 0.335 0.233333 0.3425 0.213333 0.355 0.193333 0.3875 0.175 0.385 0.215 0.39 0.246667 0.4 0.295 0.445 0.43 0.465 0.433333 0.485 0.441667 0.415 0.428333 0.405 0.373333 0.4 0.343333 0.3975 0.373333 0.3875 0.396667 0.3925 0.41 0.39 0.42 0.395 0.43 0.415 0.428333 0.485 0.441667 0.48 0.448333 0.46 0.445 0.4575 0.463333 0.5075 0.453333 0.5425 0.431667 0.585 0.401667 0.6 0.4 0.62 0.408333 0.6325 0.43 0.635 0.438333 0.59 0.453333 0.555 0.471667 0.6175 0.47 0.66 0.466667 0.6725 0.463333 0.6625 0.418333 0.6775 0.403333 0.6925 0.403333 0.6975 0.39 0.705 0.381667 0.71 0.338333 0.71 0.311667 0.7075 0.263333 0.7 0.215 0.69 0.193333 0.65 0.175 0.65 0.186667 0.6425 0.21 0.635 0.253333 0.625 0.275 0.6 0.278333 0.595 0.283333 0.5825 0.286667 0.5775 0.278333 0.5775 0.263333 0.5725 0.253333 0.5775 0.216667 0.555 0.218333 0.5175 0.225 0.5 0.23 0.475 0.228333 0.46 0.223333 0.455 0.241667 0.4575 0.266667 0.4675 0.281667 0.455 0.285 0.4475 0.28 0.4325 0.265 0.435 0.283333 0.425 0.285 0.4175 0.271667 0.4075 0.273333 0.4175 0.301667 0.43 0.351667 0.445 0.43
0 0.3775 0.46 0.355 0.438333 0.345 0.446667 0.3525 0.461667 0.34 0.488333 0.3225 0.508333 0.305 0.531667 0.27 0.531667 0.2525 0.54 0.26 0.545 0.275 0.543333 0.2925 0.548333 0.2925 0.556667 0.2975 0.558333 0.2875 0.585 0.3075 0.588333 0.3025 0.606667 0.2925 0.638333 0.315 0.643333 0.315 0.666667 0.33 0.666667 0.3325 0.646667 0.3525 0.645 0.3775 0.631667 0.3925 0.636667 0.4125 0.631667 0.435 0.613333 0.445 0.571667 0.4525 0.541667 0.445 0.536667 0.455 0.518333 0.455 0.51 0.415 0.506667 0.4075 0.51 0.3825 0.51 0.37 0.513333 0.37 0.483333 0.3775 0.46 0.4175 0.443333 0.44 0.445 0.4475 0.441667 0.43 0.353333 0.4175 0.301667 0.4075 0.273333 0.4125 0.24 0.4125 0.216667 0.4 0.203333 0.395 0.175 0.39 0.176667 0.385 0.216667 0.39 0.246667 0.3975 0.296667 0.4 0.318333 0.3925 0.315 0.3825 0.336667 0.375 0.385 0.3875 0.396667 0.3975 0.375 0.4 0.345 0.405 0.375 0.4175 0.443333
