3 0.525 0.846667 0.51 0.878333 0.505 0.885 0.5 0.895 0.505 0.928333 0.495 0.928333 0.4925 0.941667 0.485 0.953333 0.42 0.95 0.42 0.928333 0.425 0.905 0.4425 0.835
3 0.68 0.89 0.685 0.896667 0.6675 0.906667 0.6575 0.901667
0 0.705 0.805 0.705 0.841667 0.69 0.878333 0.6775 0.9 0.6675 0.905 0.6475 0.9 0.6375 0.85 0.64 0.823333 0.6475 0.825 0.6525 0.871667 0.66 0.891667 0.665 0.895 0.675 0.881667 0.69 0.846667 0.6925 0.821667 0.6925 0.815 0.6475 0.823333 0.615 0.825 0.5675 0.821667 0.57 0.78 0.5575 0.745 0.56 0.726667 0.5925 0.696667 0.5825 0.685 0.6025 0.675 0.64 0.586667 0.6425 0.59 0.635 0.618333 0.61 0.671667 0.6475 0.658333 0.64 0.581667 0.65 0.581667 0.6525 0.65 0.66 0.621667 0.66 0.596667 0.67 0.595 0.675 0.615 0.6625 0.658333 0.69 0.638333 0.675 0.595 0.6825 0.593333 0.7025 0.638333 0.71 0.638333 0.715 0.648333 0.71 0.655 0.74 0.67 0.7575 0.711667 0.7875 0.76 0.7925 0.768333 0.7075 0.81
7 0.6275 0.473333 0.63 0.526667 0.615 0.578333 0.5775 0.66 0.58 0.683333 0.5825 0.706667 0.565 0.72 0.5575 0.746667 0.5675 0.776667 0.49 0.7 0.4825 0.675 0.485 0.64 0.48 0.625 0.475 0.631667 0.48 0.688333 0.525 0.735 0.5725 0.786667 0.565 0.825 0.6075 0.823333 0.6025 0.83 0.585 0.836667 0.55 0.841667 0.5375 0.843333 0.5225 0.835 0.51 0.84 0.4725 0.84 0.4525 0.836667 0.4675 0.795 0.4725 0.785 0.415 0.738333 0.37 0.698333 0.36 0.686667 0.3475 0.598333 0.3425 0.576667 0.355 0.583333 0.365 0.573333 0.3675 0.543333 0.37 0.495 0.3675 0.445 0.4425 0.46 0.43 0.54 0.425 0.603333 0.44 0.59 0.4525 0.615 0.46 0.616667 0.495 0.615 0.5 0.605 0.51 0.6 0.51 0.586667 0.5175 0.546667 0.535 0.486667 0.5675 0.485 0.605 0.485
11 0.6025 0.14 0.615 0.151667 0.6325 0.153333 0.6475 0.148333 0.625 0.11 0.64 0.0916667 0.65 0.0716667 0.6475 0.055 0.61 0.0316667 0.5625 0.0183333 0.5425 0.0166667 0.495 0.0466667 0.47 0.0433333 0.4475 0.0366667 0.4425 0.04 0.46 0.08 0.475 0.0566667 0.5 0.0533333 0.58 0.0816667 0.6125 0.108333
4 0.3725 0.431667 0.3875 0.318333 0.4075 0.25 0.41 0.24 0.3975 0.233333 0.3825 0.215 0.38 0.205 0.4025 0.176667 0.43 0.165 0.4425 0.155 0.4725 0.145 0.47 0.165 0.5 0.168333 0.505 0.195 0.4875 0.213333 0.475 0.256667 0.55 0.203333 0.6075 0.178333 0.6175 0.185 0.6325 0.196667 0.6725 0.21 0.6525 0.23 0.6175 0.288333 0.62 0.446667 0.615 0.46 0.58 0.46 0.5525 0.456667 0.5575 0.381667 0.57 0.315 0.5825 0.275 0.5575 0.268333 0.5125 0.261667 0.4775 0.278333 0.48 0.28 0.485 0.31 0.48 0.32 0.4675 0.281667 0.46 0.296667 0.435 0.335 0.4075 0.355 0.4125 0.371667 0.395 0.39 0.3725 0.431667 0.295 0.42 0.2825 0.413333 0.32 0.35 0.295 0.42
4 0.6525 0.228333 0.6625 0.215 0.665 0.208333 0.6775 0.21 0.69 0.238333 0.7025 0.29 0.695 0.305 0.69 0.34 0.6825 0.41 0.6825 0.471667 0.6625 0.465 0.63 0.46 0.6175 0.395 0.6325 0.308333 0.6475 0.248333 0.6525 0.228333 0.4925 0.205 0.475 0.25 0.5175 0.216667 0.465 0.288333 0.4775 0.318333 0.46 0.371667 0.4475 0.43 0.4425 0.461667 0.5325 0.461667 0.55 0.398333 0.32 0.345 0.265 0.378333 0.2375 0.391667 0.225 0.38 0.2 0.37 0.2025 0.365 0.2475 0.32 0.2925 0.28 0.3575 0.198333 0.4075 0.153333 0.4475 0.15 0.475 0.141667 0.47 0.145 0.4425 0.153333 0.4275 0.165 0.3975 0.181667 0.38 0.205 0.3825 0.218333 0.375 0.228333 0.3375 0.308333 0.32 0.345 0.55 0.398333 0.5525 0.451667 0.615 0.456667 0.625 0.455 0.6275 0.46 0.63 0.465 0.62 0.475 0.54 0.478333 0.5325 0.461667 0.4425 0.461667 0.3975 0.45 0.37 0.435 0.395 0.393333 0.395 0.383333 0.4075 0.373333 0.4075 0.35 0.4275 0.34 0.4375 0.325 0.4425 0.31 0.465 0.288333 0.5175 0.216667 0.525 0.215 0.4925 0.205
12 0.4225 0.598333 0.4325 0.501667 0.4525 0.411667 0.47 0.336667 0.4975 0.276667 0.5175 0.258333 0.5525 0.263333 0.5725 0.271667 0.5775 0.275 0.56 0.366667 0.54 0.471667 0.5175 0.553333 0.5025 0.611667 0.485 0.605 0.485 0.558333 0.4775 0.56 0.4775 0.61 0.4675 0.616667 0.4575 0.62 0.445 0.608333 0.445 0.591667 0.4325 0.598333 0.4225 0.598333 0.36 0.586667 0.34 0.566667 0.33 0.58 0.3 0.581667 0.3075 0.56 0.2775 0.573333 0.2675 0.573333 0.275 0.545 0.27 0.521667 0.2925 0.438333 0.3275 0.325 0.355 0.263333 0.3875 0.215 0.3975 0.225 0.41 0.235 0.3925 0.293333 0.375 0.386667 0.37 0.435 0.36 0.586667
3 0.6075 0.825 0.64 0.848333 0.6425 0.898333 0.635 0.921667 0.6375 0.933333 0.595 0.956667 0.5625 0.966667 0.555 0.958333 0.565 0.946667 0.58 0.933333 0.575 0.905 0.5325 0.846667 0.5675 0.841667
3 0.65 0.848333 0.665 0.863333 0.675 0.881667 0.66 0.893333
