2 0.525 0.785 0.515 0.821667 0.5175 0.83 0.5125 0.856667 0.52 0.898333 0.5275 0.903333 0.54 0.903333 0.5575 0.89 0.565 0.878333 0.5625 0.838333 0.57 0.811667 0.5725 0.788333 0.5575 0.8 0.5425 0.8
2 0.45 0.826667 0.46 0.866667 0.4625 0.888333 0.4675 0.908333 0.4625 0.933333 0.4775 0.943333 0.5025 0.948333 0.52 0.945 0.5275 0.935 0.5225 0.91 0.5175 0.881667 0.51 0.845 0.5025 0.82 0.4925 0.816667 0.4925 0.825 0.4725 0.828333
1 0.4625 0.373333 0.4775 0.371667 0.5 0.378333 0.5325 0.38 0.56 0.38 0.59 0.375 0.595 0.383333 0.5575 0.386667 0.535 0.391667 0.515 0.395 0.4675 0.395 0.4575 0.39
1 0.3875 0.373333 0.445 0.375 0.44 0.381667 0.425 0.383333 0.39 0.38
0 0.5025 0.266667 0.4675 0.326667 0.4375 0.391667 0.4225 0.42 0.42 0.426667 0.4275 0.431667 0.45 0.39 0.4825 0.331667 0.5025 0.288333 0.5175 0.26
0 0.365 0.455 0.3425 0.443333 0.3275 0.44 0.305 0.453333 0.305 0.461667 0.2925 0.493333 0.27 0.538333 0.2675 0.55 0.2925 0.555 0.3475 0.56 0.405 0.565 0.415 0.546667 0.4075 0.531667 0.41 0.496667 0.415 0.466667 0.39 0.46
4 0.485 0.268333 0.4625 0.265 0.4425 0.241667 0.41 0.236667 0.38 0.305 0.345 0.36 0.3275 0.386667 0.3225 0.405 0.335 0.421667 0.3475 0.421667 0.34 0.405 0.34 0.395 0.36 0.386667 0.3725 0.39 0.38 0.41 0.395 0.415 0.42 0.413333 0.44 0.385 0.43 0.381667 0.3875 0.378333 0.3825 0.371667 0.3925 0.37 0.4425 0.376667 0.485 0.296667 0.5025 0.268333 0.485 0.268333 0.48 0.258333 0.4975 0.255 0.5075 0.245 0.53 0.245 0.4925 0.311667 0.46 0.378333 0.475 0.37 0.495 0.375 0.5225 0.378333 0.5425 0.381667 0.5425 0.386667 0.5325 0.393333 0.495 0.393333 0.4525 0.393333 0.435 0.416667 0.455 0.436667 0.505 0.435 0.5825 0.436667 0.61 0.443333 0.615 0.441667 0.6125 0.42 0.6125 0.401667 0.59 0.383333 0.5425 0.386667 0.5425 0.381667 0.5875 0.375 0.595 0.366667 0.625 0.375 0.6375 0.371667 0.65 0.361667 0.6625 0.338333 0.6575 0.323333 0.6275 0.295 0.6175 0.281667 0.6025 0.276667 0.585 0.29 0.555 0.293333 0.555 0.273333 0.54 0.268333 0.545 0.261667 0.545 0.251667 0.53 0.245 0.5075 0.245 0.4625 0.245 0.4725 0.255 0.48 0.258333
6 0.385 0.146667 0.4225 0.153333 0.4475 0.153333 0.4725 0.156667 0.47 0.173333 0.4625 0.176667 0.4525 0.18 0.4325 0.173333 0.425 0.161667 0.415 0.176667 0.4 0.176667 0.39 0.165 0.3825 0.153333
4 0.55 0.198333 0.5625 0.231667 0.585 0.248333 0.6025 0.275 0.645 0.306667 0.6675 0.336667 0.6625 0.356667 0.635 0.373333 0.6075 0.373333 0.5975 0.366667 0.5925 0.383333 0.615 0.401667 0.6175 0.415 0.6325 0.413333 0.6375 0.441667 0.6425 0.463333 0.64 0.476667 0.645 0.476667 0.645 0.463333 0.65 0.433333 0.6575 0.435 0.6625 0.465 0.68 0.468333 0.6975 0.466667 0.6975 0.458333 0.6975 0.416667 0.69 0.361667 0.67 0.298333 0.6525 0.246667 0.6275 0.201667 0.61 0.195 0.55 0.198333 0.425 0.201667 0.4025 0.208333 0.35 0.21 0.3375 0.22 0.3225 0.245 0.305 0.288333 0.2875 0.328333 0.28 0.405 0.2675 0.473333 0.3 0.476667 0.3175 0.446667 0.3275 0.441667 0.33 0.416667 0.3225 0.4 0.34 0.378333 0.355 0.345 0.3775 0.308333 0.405 0.251667 0.425 0.201667
5 0.46 0.436667 0.565 0.436667 0.615 0.445 0.625 0.518333 0.63 0.643333 0.595 0.65 0.53 0.656667 0.4475 0.656667 0.395 0.655 0.3575 0.641667 0.35 0.561667 0.4075 0.565 0.415 0.551667 0.4075 0.53 0.415 0.47 0.46 0.436667 0.435 0.24 0.4275 0.211667 0.415 0.228333 0.435 0.24
