0 0.44 0.508333 0.4625 0.505 0.5075 0.47 0.5575 0.453333 0.565 0.42 0.58 0.436667 0.585 0.446667 0.6075 0.455 0.645 0.455 0.645 0.426667 0.6175 0.395 0.595 0.386667 0.6325 0.39 0.675 0.436667 0.6825 0.455 0.7125 0.465 0.7475 0.48 0.775 0.528333 0.79 0.543333 0.7575 0.578333 0.74 0.601667 0.7025 0.598333 0.6575 0.601667 0.5475 0.603333 0.49 0.598333 0.4775 0.566667 0.4475 0.538333 0.4325 0.543333
10 0.3125 0.593333 0.3575 0.498333 0.3875 0.498333 0.41 0.46 0.5 0.473333 0.4825 0.485 0.4375 0.518333 0.49 0.596667 0.525 0.601667 0.6375 0.606667 0.69 0.601667 0.6525 0.613333 0.6375 0.626667 0.57 0.625 0.49 0.626667 0.4075 0.63 0.3225 0.608333 0.305 0.608333
8 0.4025 0.463333 0.425 0.426667 0.4075 0.38 0.395 0.353333 0.43 0.308333 0.4375 0.286667 0.4625 0.301667 0.54 0.293333 0.49 0.326667 0.47 0.328333 0.4475 0.356667 0.485 0.371667 0.4775 0.44 0.4825 0.473333 0.4475 0.468333
1 0.4175 0.406667 0.4925 0.406667 0.4925 0.42 0.455 0.426667 0.4225 0.43
12 0.4625 0.24 0.4325 0.263333 0.4325 0.283333 0.445 0.301667 0.485 0.301667 0.5275 0.296667 0.5425 0.275 0.545 0.255 0.5575 0.235 0.5275 0.245 0.4925 0.255
11 0.43 0.233333 0.3925 0.223333 0.3825 0.203333 0.4175 0.19 0.44 0.185 0.445 0.155 0.47 0.135 0.5075 0.131667 0.54 0.135 0.565 0.16 0.5625 0.18 0.6 0.181667 0.615 0.205 0.6 0.235 0.5625 0.24 0.5625 0.218333 0.5575 0.196667 0.5475 0.185 0.49 0.19 0.4475 0.195 0.44 0.203333
4 0.445 0.291667 0.4075 0.346667 0.41 0.386667 0.425 0.426667 0.4175 0.46 0.3925 0.5 0.3525 0.495 0.345 0.485 0.3575 0.431667 0.3675 0.366667 0.3875 0.326667 0.3825 0.298333 0.4175 0.265 0.4475 0.275 0.445 0.291667 0.4825 0.326667 0.55 0.275 0.555 0.245 0.5775 0.245 0.585 0.26 0.615 0.265 0.66 0.301667 0.665 0.343333 0.66 0.421667 0.6425 0.405 0.61 0.458333 0.645 0.446667 0.645 0.436667 0.6425 0.416667 0.57 0.458333 0.49 0.47 0.4775 0.37 0.5 0.366667 0.555 0.406667 0.5625 0.431667 0.57 0.458333 0.6425 0.416667 0.6075 0.431667 0.58 0.431667 0.585 0.458333 0.61 0.458333 0.6425 0.405 0.615 0.385 0.595 0.39 0.555 0.37 0.4825 0.326667
7 0.4925 0.625 0.47 0.665 0.47 0.7 0.395 0.69 0.3825 0.66 0.38 0.613333 0.4475 0.616667 0.4925 0.625 0.505 0.616667 0.565 0.62 0.6025 0.62 0.6075 0.631667 0.6 0.685 0.6075 0.703333 0.525 0.686667 0.505 0.616667
2 0.3725 0.921667 0.38 0.911667 0.415 0.901667 0.4325 0.881667 0.4375 0.861667 0.4325 0.841667 0.4225 0.796667 0.41 0.77 0.4 0.748333 0.3825 0.7 0.4175 0.7 0.455 0.696667 0.4825 0.705 0.505 0.703333 0.49 0.725 0.5 0.74 0.505 0.778333 0.5125 0.801667 0.5125 0.816667 0.5075 0.846667 0.4925 0.871667 0.4675 0.901667 0.4175 0.911667 0.41 0.925 0.3875 0.925
2 0.5325 0.686667 0.58 0.695 0.63 0.708333 0.63 0.725 0.63 0.75 0.615 0.75 0.6075 0.811667 0.5775 0.863333 0.565 0.876667 0.57 0.91 0.555 0.916667 0.5075 0.931667 0.445 0.931667 0.4175 0.925 0.4325 0.911667 0.4825 0.895 0.4925 0.863333 0.52 0.833333 0.52 0.801667 0.5275 0.76 0.525 0.72 0.5175 0.691667
