2 0.49 0.838333 0.4875 0.848333 0.4825 0.893333 0.475 0.933333 0.465 0.956667 0.4725 0.973333 0.5 0.973333 0.52 0.97 0.5325 0.96 0.53 0.941667 0.5375 0.921667 0.5375 0.893333 0.545 0.871667 0.5475 0.845
2 0.395 0.846667 0.4025 0.89 0.4025 0.938333 0.395 0.96 0.4025 0.971667 0.425 0.975 0.455 0.97 0.46 0.961667 0.46 0.935 0.4625 0.901667 0.4575 0.893333 0.455 0.875 0.45 0.84 0.4225 0.846667
7 0.33 0.541667 0.36 0.646667 0.37 0.703333 0.3625 0.745 0.395 0.831667 0.3975 0.846667 0.43 0.845 0.4525 0.836667 0.4475 0.8 0.4525 0.785 0.45 0.738333 0.445 0.72 0.455 0.68 0.4475 0.643333 0.4475 0.586667 0.4575 0.548333 0.4125 0.536667 0.385 0.531667
7 0.465 0.545 0.4825 0.608333 0.49 0.688333 0.5 0.73 0.4925 0.786667 0.4975 0.836667 0.545 0.843333 0.56 0.816667 0.575 0.74 0.57 0.696667 0.5675 0.668333 0.5775 0.591667 0.5975 0.533333 0.5525 0.528333 0.5125 0.543333
0 0.275 0.545 0.265 0.606667 0.26 0.656667 0.2575 0.771667 0.265 0.816667 0.255 0.831667 0.2675 0.84 0.325 0.841667 0.3525 0.816667 0.3775 0.79 0.3625 0.738333 0.37 0.696667 0.3525 0.62 0.335 0.62 0.3075 0.553333 0.2825 0.556667
9 0.4575 0.516667 0.41 0.518333 0.3525 0.506667 0.325 0.49 0.3175 0.525 0.3225 0.541667 0.3775 0.53 0.4575 0.545 0.4575 0.516667 0.465 0.515 0.47 0.541667 0.5175 0.541667 0.5575 0.528333 0.6 0.533333 0.6125 0.516667 0.6 0.481667 0.5875 0.495 0.515 0.511667 0.465 0.515
8 0.5875 0.493333 0.6 0.48 0.595 0.446667 0.5275 0.456667 0.5125 0.368333 0.51 0.293333 0.5175 0.263333 0.4775 0.28 0.4275 0.283333 0.405 0.278333 0.37 0.255 0.375 0.31 0.3775 0.373333 0.3425 0.448333 0.325 0.445 0.3175 0.48 0.3375 0.498333 0.365 0.51 0.4225 0.518333 0.515 0.511667 0.5875 0.493333 0.6175 0.503333 0.3075 0.516667 0.305 0.501667 0.44 0.216667 0.46 0.213333 0.4825 0.181667 0.4825 0.161667 0.45 0.181667 0.4125 0.161667 0.4225 0.208333 0.44 0.216667 0.305 0.501667 0.255 0.5 0.255 0.513333 0.3075 0.516667 0.6175 0.503333 0.62 0.513333 0.6775 0.513333 0.67 0.5 0.6325 0.5 0.6175 0.503333
12 0.4025 0.121667 0.35 0.156667 0.335 0.2 0.3525 0.25 0.3775 0.255 0.395 0.276667 0.4475 0.283333 0.5 0.273333 0.53 0.248333 0.55 0.181667 0.5375 0.145 0.5125 0.166667 0.49 0.166667 0.465 0.21 0.43 0.22 0.4125 0.173333 0.4125 0.136667
4 0.335 0.185 0.3 0.201667 0.2875 0.266667 0.285 0.351667 0.2725 0.418333 0.255 0.478333 0.2525 0.495 0.31 0.501667 0.3225 0.446667 0.345 0.453333 0.37 0.4 0.3825 0.325 0.3675 0.251667 0.35 0.25 0.3425 0.23
4 0.55 0.178333 0.5275 0.246667 0.5175 0.268333 0.5125 0.323333 0.52 0.423333 0.53 0.453333 0.58 0.45 0.61 0.445 0.605 0.485 0.6075 0.505 0.63 0.498333 0.675 0.501667 0.665 0.456667 0.66 0.423333 0.635 0.33 0.6225 0.248333 0.615 0.2
6 0.4825 0.103333 0.5025 0.095 0.5225 0.0966667 0.5475 0.0916667 0.5575 0.0966667 0.5525 0.111667 0.5425 0.12 0.5275 0.103333 0.5125 0.103333 0.505 0.118333 0.4925 0.123333
