10 0.4275 0.576667 0.4925 0.576667 0.5175 0.575 0.5175 0.563333 0.505 0.513333 0.51 0.445 0.51 0.425 0.4475 0.421667 0.4425 0.385 0.4475 0.358333 0.4025 0.361667 0.42 0.39 0.44 0.423333 0.39 0.441667 0.3775 0.465 0.3925 0.505 0.3975 0.511667 0.4125 0.576667
8 0.3625 0.283333 0.4025 0.29 0.4275 0.291667 0.45 0.288333 0.4625 0.27 0.465 0.28 0.4675 0.3 0.4475 0.358333 0.405 0.36 0.3825 0.321667 0.3575 0.286667
12 0.3675 0.19 0.3875 0.236667 0.4025 0.253333 0.4125 0.216667 0.42 0.2 0.4375 0.186667 0.46 0.18 0.4725 0.205 0.4725 0.25 0.475 0.27 0.465 0.278333 0.465 0.296667 0.4925 0.303333 0.4925 0.32 0.5175 0.386667 0.5075 0.425 0.445 0.42 0.445 0.386667 0.45 0.358333 0.4675 0.3 0.4675 0.281667 0.4625 0.273333 0.4475 0.288333 0.4275 0.293333 0.4025 0.288333 0.3625 0.285 0.3575 0.288333 0.38 0.32 0.4025 0.363333 0.42 0.39 0.44 0.423333 0.3875 0.441667 0.385 0.408333 0.375 0.426667 0.37 0.443333 0.345 0.45 0.3525 0.42 0.335 0.42 0.335 0.386667 0.35 0.37 0.36 0.325 0.3625 0.303333 0.3525 0.286667 0.34 0.283333 0.3325 0.261667 0.335 0.21 0.3425 0.195 0.355 0.185
0 0.645 0.556667 0.7125 0.545 0.7475 0.52 0.7325 0.481667 0.6925 0.411667 0.6875 0.405 0.6825 0.398333 0.67 0.406667 0.665 0.41 0.66 0.386667 0.6425 0.365 0.6225 0.34 0.6 0.318333 0.59 0.32 0.61 0.35 0.6175 0.36 0.625 0.403333 0.595 0.398333 0.5875 0.381667 0.555 0.361667 0.56 0.381667 0.575 0.406667 0.54 0.411667 0.52 0.516667 0.5175 0.541667 0.55 0.55 0.59 0.555
7 0.3875 0.83 0.3675 0.77 0.3525 0.721667 0.355 0.673333 0.3525 0.638333 0.3475 0.615 0.3675 0.618333 0.415 0.616667 0.4125 0.575 0.43 0.575 0.495 0.578333 0.5175 0.575 0.5175 0.626667 0.5525 0.628333 0.5475 0.585 0.57 0.586667 0.56 0.64 0.5625 0.713333 0.5575 0.755 0.54 0.816667 0.54 0.835 0.51 0.836667 0.4925 0.828333 0.495 0.776667 0.49 0.76 0.48 0.723333 0.48 0.68 0.47 0.651667 0.47 0.608333 0.465 0.578333 0.45 0.576667 0.4475 0.63 0.445 0.66 0.4325 0.696667 0.435 0.736667 0.425 0.796667 0.4225 0.82 0.42 0.83 0.4025 0.831667
6 0.3625 0.158333 0.3775 0.165 0.3925 0.165 0.4025 0.158333 0.4075 0.148333 0.41 0.145 0.415 0.145 0.42 0.153333 0.4275 0.16 0.44 0.16 0.455 0.16 0.465 0.156667 0.4725 0.148333 0.4775 0.136667 0.47 0.13 0.4525 0.128333 0.4275 0.133333 0.415 0.138333 0.3925 0.135 0.365 0.133333 0.35 0.14 0.35 0.145 0.35 0.153333
1 0.42 0.381667 0.4125 0.365 0.4325 0.363333 0.4475 0.365 0.4475 0.376667 0.44 0.375 0.4275 0.383333
4 0.4 0.515 0.4125 0.578333 0.4125 0.616667 0.3675 0.618333 0.3425 0.615 0.27 0.608333 0.27 0.598333 0.2625 0.59 0.27 0.553333 0.275 0.496667 0.29 0.446667 0.3125 0.406667 0.315 0.4 0.3025 0.403333 0.285 0.405 0.26 0.393333 0.2475 0.378333 0.2425 0.346667 0.24 0.293333 0.245 0.253333 0.2525 0.235 0.2725 0.223333 0.2975 0.215 0.315 0.21 0.3325 0.208333 0.335 0.265 0.3425 0.285 0.315 0.288333 0.3025 0.318333 0.315 0.331667 0.3325 0.341667 0.34 0.34 0.3575 0.331667 0.35 0.37 0.3375 0.386667 0.335 0.418333 0.335 0.42 0.3475 0.418333 0.3525 0.421667 0.3475 0.448333 0.37 0.443333 0.375 0.425 0.3825 0.408333 0.39 0.443333 0.3775 0.463333 0.3925 0.503333 0.4 0.515 0.505 0.515 0.5075 0.446667 0.515 0.388333 0.49 0.316667 0.485 0.3 0.495 0.301667 0.505 0.318333 0.52 0.313333 0.53 0.293333 0.5225 0.288333 0.515 0.266667 0.4975 0.263333 0.4775 0.265 0.475 0.25 0.4725 0.206667 0.46 0.181667 0.4975 0.185 0.5325 0.198333 0.5625 0.221667 0.5925 0.265 0.62 0.315 0.6275 0.341667 0.6225 0.343333 0.5975 0.32 0.59 0.321667 0.6125 0.351667 0.62 0.361667 0.6075 0.37 0.5725 0.371667 0.555 0.365 0.5625 0.381667 0.5775 0.406667 0.5425 0.411667 0.52 0.515 0.5175 0.54 0.5525 0.55 0.5925 0.556667 0.625 0.555 0.625 0.57 0.625 0.573333 0.5825 0.586667 0.545 0.586667 0.55 0.628333 0.52 0.626667 0.5175 0.565 0.505 0.515
3 0.41 0.935 0.4375 0.943333 0.4525 0.94 0.4675 0.933333 0.4675 0.906667 0.455 0.888333 0.445 0.86 0.4375 0.825 0.425 0.818333 0.4175 0.828333 0.4025 0.833333 0.39 0.83 0.38 0.823333 0.3825 0.863333 0.3875 0.896667 0.4025 0.928333
3 0.41 0.935 0.4375 0.943333 0.4525 0.94 0.4675 0.933333 0.4675 0.906667 0.455 0.888333 0.445 0.86 0.4375 0.825 0.425 0.818333 0.4175 0.828333 0.4025 0.833333 0.39 0.83 0.38 0.823333 0.3825 0.863333 0.3875 0.896667 0.4025 0.928333
3 0.4725 0.941667 0.495 0.946667 0.5175 0.943333 0.5325 0.933333 0.54 0.903333 0.5425 0.851667 0.54 0.833333 0.5075 0.835 0.4925 0.83 0.495 0.813333 0.485 0.818333 0.4825 0.845 0.465 0.861667 0.465 0.873333 0.4725 0.876667 0.4775 0.878333 0.465 0.908333 0.465 0.928333 0.4725 0.941667 0.4725 0.941667 0.495 0.946667 0.5175 0.943333 0.5325 0.933333 0.54 0.903333 0.5425 0.851667 0.54 0.833333 0.5075 0.835 0.4925 0.83 0.495 0.813333 0.485 0.818333 0.4825 0.845 0.465 0.861667 0.465 0.873333 0.4725 0.876667 0.4775 0.878333 0.465 0.908333 0.465 0.928333 0.4725 0.941667
