11 0.5575 0.0366667 0.5375 0.055 0.545 0.0616667 0.555 0.0633333 0.625 0.07 0.6625 0.0833333 0.6725 0.1 0.6725 0.103333 0.6825 0.0933333 0.68 0.0666667 0.6675 0.0533333 0.65 0.0416667 0.6275 0.0366667 0.59 0.0333333 0.565 0.035
6 0.5275 0.06 0.52 0.0766667 0.52 0.0833333 0.5225 0.0883333 0.53 0.0933333 0.54 0.0933333 0.5475 0.0933333 0.565 0.0833333 0.57 0.0866667 0.5675 0.0916667 0.565 0.1 0.57 0.106667 0.5775 0.111667 0.5925 0.113333 0.5975 0.111667 0.61 0.106667 0.6175 0.103333 0.62 0.106667 0.625 0.111667 0.625 0.115 0.63 0.106667 0.6275 0.101667 0.6275 0.0966667 0.62 0.0916667 0.605 0.0833333 0.595 0.08 0.565 0.0783333 0.5625 0.0683333 0.5525 0.065 0.54 0.0583333 0.535 0.0533333 0.53 0.0566667
1 0.4 0.333333 0.43 0.331667 0.4525 0.335 0.4325 0.351667 0.4325 0.355 0.42 0.355 0.4125 0.356667 0.3875 0.356667 0.385 0.34 0.3875 0.33 0.395 0.333333
8 0.495 0.19 0.4825 0.215 0.47 0.228333 0.465 0.236667 0.46 0.236667 0.445 0.235 0.4325 0.25 0.42 0.263333 0.425 0.266667 0.4125 0.273333 0.3825 0.286667 0.385 0.296667 0.3825 0.296667 0.375 0.298333 0.3825 0.306667 0.3825 0.313333 0.3875 0.321667 0.39 0.323333 0.39 0.33 0.395 0.333333 0.43 0.33 0.4525 0.335 0.4825 0.316667 0.4975 0.305 0.5075 0.285 0.51 0.285 0.505 0.275 0.505 0.265 0.5175 0.241667 0.525 0.228333 0.5375 0.198333 0.5375 0.193333 0.5575 0.168333 0.575 0.165 0.59 0.161667 0.595 0.156667 0.59 0.146667 0.585 0.146667 0.5725 0.148333 0.565 0.151667 0.5625 0.156667 0.545 0.161667 0.5275 0.17 0.52 0.171667 0.5075 0.176667 0.51 0.186667
4 0.3675 0.3 0.375 0.298333 0.3825 0.295 0.385 0.285 0.415 0.273333 0.4225 0.266667 0.42 0.265 0.41 0.263333 0.4025 0.245 0.4025 0.225 0.4025 0.221667 0.415 0.215 0.42 0.206667 0.425 0.196667 0.4375 0.19 0.4425 0.191667 0.4525 0.191667 0.465 0.183333 0.4725 0.171667 0.47 0.161667 0.46 0.163333 0.435 0.16 0.42 0.16 0.4 0.173333 0.385 0.2 0.36 0.228333 0.35 0.235 0.345 0.236667 0.345 0.24 0.3325 0.245 0.3175 0.255 0.3175 0.26 0.33 0.283333 0.34 0.296667 0.35 0.301667 0.3675 0.3 0.3825 0.356667 0.34 0.388333 0.3125 0.425 0.3025 0.443333 0.295 0.453333 0.3 0.458333 0.3 0.463333 0.305 0.451667 0.32 0.445 0.3325 0.425 0.36 0.4 0.385 0.378333 0.39 0.368333 0.4025 0.358333 0.4975 0.408333 0.5125 0.408333 0.5225 0.405 0.5275 0.398333 0.53 0.396667 0.5375 0.396667 0.545 0.396667 0.545 0.383333 0.555 0.383333 0.5625 0.383333 0.5825 0.381667 0.5675 0.368333 0.5625 0.358333 0.5425 0.358333 0.5375 0.358333 0.545 0.355 0.55 0.351667 0.5375 0.338333 0.53 0.328333 0.5175 0.318333 0.495 0.306667 0.505 0.286667 0.51 0.285 0.505 0.276667 0.505 0.266667 0.515 0.25 0.5225 0.226667 0.5375 0.198333 0.54 0.19 0.5575 0.17 0.575 0.163333 0.58 0.173333 0.59 0.176667 0.6075 0.173333 0.6175 0.178333 0.64 0.198333 0.6425 0.203333 0.645 0.213333 0.65 0.221667 0.6525 0.283333 0.6475 0.3 0.6475 0.346667 0.65 0.353333 0.31 0.568333 0.31 0.565 0.285 0.561667 0.285 0.543333 0.29 0.495 0.295 0.476667 0.295 0.466667 0.2725 0.523333 0.27 0.553333 0.305 0.568333 0.31 0.568333 0.65 0.353333 0.6325 0.358333 0.6325 0.363333 0.625 0.363333 0.62 0.371667 0.62 0.378333 0.6075 0.393333 0.615 0.398333 0.625 0.411667 0.6725 0.49 0.695 0.553333 0.695 0.56 0.6825 0.575 0.67 0.576667 0.66 0.578333 0.6075 0.573333 0.5525 0.573333 0.545 0.575 0.5325 0.59 0.525 0.575 0.5175 0.57 0.5175 0.525 0.5075 0.416667 0.505 0.411667 0.4975 0.411667 0.4975 0.408333 0.4025 0.358333 0.3925 0.356667 0.3825 0.356667
10 0.605 0.581667 0.5925 0.585 0.5725 0.586667 0.565 0.586667 0.5375 0.591667 0.4975 0.586667 0.5025 0.571667 0.4725 0.573333 0.4325 0.57 0.4175 0.573333 0.4175 0.58 0.4 0.58 0.395 0.568333 0.3875 0.566667 0.3725 0.566667 0.3375 0.568333 0.3125 0.571667 0.31 0.566667 0.2825 0.558333 0.285 0.526667 0.295 0.483333 0.2975 0.465 0.305 0.451667 0.315 0.446667 0.3325 0.423333 0.3875 0.376667 0.395 0.366667 0.405 0.358333 0.4175 0.358333 0.4075 0.368333 0.4275 0.376667 0.445 0.396667 0.4525 0.4 0.485 0.395 0.48 0.396667 0.5075 0.415 0.52 0.563333 0.52 0.573333 0.525 0.576667 0.535 0.588333 0.545 0.573333 0.565 0.571667 0.5875 0.575
3 0.4675 0.921667 0.4625 0.923333 0.465 0.925 0.48 0.935 0.48 0.941667 0.465 0.941667 0.4575 0.941667 0.44 0.94 0.4375 0.94 0.445 0.945 0.4475 0.946667 0.46 0.948333 0.4925 0.948333 0.5 0.948333 0.5075 0.941667 0.5075 0.936667 0.5225 0.933333 0.5175 0.921667 0.4975 0.926667 0.48 0.923333
3 0.4675 0.921667 0.4625 0.923333 0.465 0.925 0.48 0.935 0.48 0.941667 0.465 0.941667 0.4575 0.941667 0.44 0.94 0.4375 0.94 0.445 0.945 0.4475 0.946667 0.46 0.948333 0.4925 0.948333 0.5 0.948333 0.5075 0.941667 0.5075 0.936667 0.5225 0.933333 0.5175 0.921667 0.4975 0.926667 0.48 0.923333
0 0.52 0.39 0.5075 0.395 0.505 0.4 0.4975 0.4 0.48 0.398333 0.4975 0.41 0.5175 0.406667 0.525 0.4 0.52 0.39 0.5325 0.361667 0.5525 0.35 0.5275 0.326667 0.515 0.315 0.4975 0.305 0.4525 0.336667 0.4375 0.351667 0.4475 0.36 0.4625 0.36 0.4725 0.356667 0.4775 0.356667 0.4925 0.36 0.5175 0.356667 0.5325 0.361667
3 0.56 0.868333 0.5675 0.91 0.5575 0.916667 0.56 0.925 0.5625 0.931667 0.555 0.933333 0.54 0.935 0.53 0.935 0.525 0.938333 0.51 0.936667 0.5075 0.941667 0.52 0.945 0.5375 0.945 0.5425 0.948333 0.54 0.955 0.53 0.956667 0.5175 0.96 0.5075 0.956667 0.505 0.956667 0.5025 0.961667 0.5075 0.965 0.53 0.963333 0.5675 0.956667 0.57 0.945 0.57 0.921667 0.57 0.915 0.5725 0.91 0.58 0.911667 0.59 0.946667 0.5925 0.943333 0.585 0.908333 0.5875 0.9 0.5975 0.893333 0.5975 0.888333 0.585 0.885 0.57 0.898333 0.5725 0.876667 0.5675 0.871667 0.56 0.868333 0.56 0.868333 0.5675 0.91 0.5575 0.916667 0.56 0.925 0.5625 0.931667 0.555 0.933333 0.54 0.935 0.53 0.935 0.525 0.938333 0.51 0.936667 0.5075 0.941667 0.52 0.945 0.5375 0.945 0.5425 0.948333 0.54 0.955 0.53 0.956667 0.5175 0.96 0.5075 0.956667 0.505 0.956667 0.5025 0.961667 0.5075 0.965 0.53 0.963333 0.5675 0.956667 0.57 0.945 0.57 0.921667 0.57 0.915 0.5725 0.91 0.58 0.911667 0.59 0.946667 0.5925 0.943333 0.585 0.908333 0.5875 0.9 0.5975 0.893333 0.5975 0.888333 0.585 0.885 0.57 0.898333 0.5725 0.876667 0.5675 0.871667 0.56 0.868333
