10 0.4775 0.555 0.485 0.578333 0.475 0.588333 0.455 0.583333 0.42 0.595 0.425 0.616667 0.5 0.633333 0.5825 0.63 0.705 0.626667 0.7625 0.613333 0.7475 0.586667 0.7375 0.533333 0.7225 0.51 0.71 0.523333 0.6575 0.543333 0.61 0.561667
8 0.465 0.508333 0.4825 0.553333 0.61 0.561667 0.67 0.54 0.7225 0.511667 0.71 0.49
4 0.4525 0.255 0.4575 0.316667 0.475 0.316667 0.465 0.323333 0.475 0.368333 0.46 0.375 0.45 0.433333 0.4625 0.505 0.675 0.491667 0.66 0.423333 0.6175 0.428333 0.6125 0.346667 0.615 0.305 0.5925 0.245 0.5675 0.266667 0.5325 0.276667 0.5 0.271667 0.455 0.238333
4 0.49 0.221667 0.565 0.211667 0.5625 0.225 0.53 0.238333 0.4975 0.231667
12 0.39 0.341667 0.4175 0.325 0.4525 0.316667 0.4475 0.255 0.455 0.235 0.4975 0.273333 0.54 0.278333 0.575 0.265 0.59 0.241667 0.615 0.305 0.6125 0.351667 0.615 0.428333 0.6675 0.426667 0.6975 0.421667 0.72 0.416667 0.71 0.386667 0.6825 0.318333 0.65 0.265 0.6225 0.215 0.6325 0.193333 0.615 0.165 0.58 0.153333 0.5625 0.178333 0.565 0.205 0.565 0.22 0.54 0.235 0.52 0.238333 0.4925 0.226667 0.4775 0.191667 0.4625 0.156667 0.4475 0.175 0.4175 0.215 0.3975 0.245 0.3825 0.29 0.38 0.328333 0.39 0.341667 0.4575 0.375 0.4125 0.4 0.3875 0.471667 0.375 0.506667 0.36 0.531667 0.3475 0.568333 0.33 0.585 0.385 0.595 0.3925 0.606667 0.42 0.611667 0.4275 0.591667 0.455 0.583333 0.4775 0.585 0.485 0.575 0.47 0.521667 0.4475 0.455 0.4575 0.375
4 0.625 0.17 0.6325 0.2 0.6175 0.22 0.66 0.281667 0.6925 0.336667 0.685 0.346667 0.715 0.395 0.715 0.418333 0.6625 0.426667 0.67 0.486667 0.6775 0.508333 0.6825 0.488333 0.7025 0.476667 0.7225 0.505 0.7425 0.55 0.7725 0.545 0.8 0.545 0.79 0.505 0.7575 0.388333 0.7475 0.348333 0.72 0.285 0.695 0.226667 0.6675 0.201667 0.6525 0.191667
4 0.42 0.208333 0.365 0.241667 0.325 0.27 0.3325 0.301667 0.33 0.366667 0.3175 0.401667 0.35 0.433333 0.3775 0.436667 0.4025 0.425 0.42 0.396667 0.4375 0.381667 0.42 0.375 0.3975 0.346667 0.4125 0.326667 0.385 0.34 0.3775 0.291667 0.3925 0.258333
0 0.3525 0.541667 0.335 0.545 0.325 0.576667 0.305 0.586667 0.28 0.635 0.2675 0.65 0.27 0.666667 0.2875 0.663333 0.295 0.638333 0.3225 0.628333 0.34 0.665 0.365 0.703333 0.3875 0.706667 0.4475 0.708333 0.455 0.68 0.4325 0.618333 0.39 0.6 0.3475 0.586667 0.3575 0.565
2 0.63 0.798333 0.61 0.826667 0.59 0.841667 0.5975 0.87 0.6 0.893333 0.5925 0.911667 0.61 0.93 0.635 0.938333 0.665 0.921667 0.6675 0.893333 0.67 0.866667 0.7025 0.833333 0.705 0.813333 0.6625 0.828333
2 0.48 0.841667 0.48 0.855 0.4925 0.898333 0.495 0.956667 0.535 0.98 0.565 0.973333 0.5825 0.958333 0.5675 0.92 0.565 0.893333 0.555 0.856667 0.555 0.835 0.5375 0.848333 0.5225 0.841667
