3 0.51 0.816667 0.52 0.86 0.54 0.885 0.54 0.893333 0.54 0.918333 0.5175 0.926667 0.465 0.928333 0.4475 0.925 0.4425 0.915 0.45 0.91 0.46 0.9 0.4725 0.878333 0.4775 0.858333 0.4675 0.856667 0.4625 0.875 0.46 0.865 0.4625 0.846667 0.4725 0.836667 0.4625 0.833333 0.4675 0.825 0.4825 0.82 0.4825 0.811667 0.505 0.81
3 0.51 0.816667 0.52 0.86 0.54 0.885 0.54 0.893333 0.54 0.918333 0.5175 0.926667 0.465 0.928333 0.4475 0.925 0.4425 0.915 0.45 0.91 0.46 0.9 0.4725 0.878333 0.4775 0.858333 0.4675 0.856667 0.4625 0.875 0.46 0.865 0.4625 0.846667 0.4725 0.836667 0.4625 0.833333 0.4675 0.825 0.4825 0.82 0.4825 0.811667 0.505 0.81
1 0.425 0.426667 0.4875 0.421667 0.51 0.426667 0.5525 0.438333 0.5275 0.443333 0.5 0.445 0.4975 0.45 0.46 0.455 0.45 0.448333 0.4225 0.445 0.43 0.435 0.415 0.43
7 0.425 0.443333 0.43 0.448333 0.4525 0.446667 0.455 0.455 0.5025 0.45 0.5025 0.446667 0.555 0.44 0.5725 0.446667 0.595 0.473333 0.61 0.49 0.6075 0.5 0.5975 0.516667 0.59 0.553333 0.5775 0.556667 0.5775 0.566667 0.585 0.57 0.59 0.57 0.5825 0.583333 0.575 0.656667 0.58 0.716667 0.575 0.741667 0.5675 0.783333 0.5675 0.801667 0.5525 0.79 0.505 0.698333 0.5 0.688333 0.4975 0.681667 0.5 0.678333 0.4975 0.666667 0.4925 0.633333 0.5 0.603333 0.5 0.56 0.4875 0.528333 0.4825 0.516667 0.4725 0.54 0.4575 0.588333 0.4675 0.646667 0.4975 0.691667 0.5125 0.715 0.55 0.79 0.515 0.8 0.4925 0.801667 0.485 0.801667 0.4575 0.758333 0.425 0.715 0.4075 0.696667 0.4075 0.686667 0.3925 0.666667 0.385 0.653333 0.3625 0.583333 0.3625 0.501667 0.365 0.466667 0.3825 0.468333 0.3975 0.461667 0.405 0.453333 0.4075 0.446667 0.4175 0.446667 0.425 0.443333 0.4275 0.436667 0.42 0.431667 0.42 0.426667 0.4275 0.426667 0.4275 0.436667
4 0.46 0.298333 0.455 0.313333 0.4175 0.356667 0.3975 0.38 0.395 0.385 0.4075 0.425 0.38 0.411667 0.3575 0.405 0.375 0.361667 0.38 0.323333 0.375 0.283333 0.405 0.228333 0.4175 0.191667 0.4275 0.19 0.4375 0.2 0.45 0.2 0.4575 0.245 0.46 0.298333 0.54 0.3 0.545 0.281667 0.605 0.278333 0.615 0.245 0.61 0.233333 0.615 0.216667 0.6475 0.221667 0.6375 0.233333 0.625 0.25 0.6175 0.265 0.6225 0.278333 0.6125 0.288333 0.6175 0.305 0.61 0.361667 0.605 0.431667 0.5975 0.45 0.56 0.403333 0.535 0.343333 0.54 0.3
11 0.5425 0.075 0.5875 0.1 0.61 0.141667 0.6175 0.123333 0.6175 0.105 0.5975 0.0883333 0.58 0.0783333 0.5675 0.0716667 0.5425 0.065 0.51 0.0683333 0.49 0.0766667 0.475 0.0883333 0.505 0.075 0.5225 0.0716667
6 0.575 0.121667 0.5675 0.121667 0.5675 0.13 0.56 0.135 0.545 0.135 0.535 0.128333 0.525 0.121667 0.52 0.123333 0.51 0.131667 0.5025 0.136667 0.4925 0.136667 0.475 0.128333 0.4725 0.115 0.5125 0.115 0.56 0.116667 0.5675 0.116667 0.575 0.116667
0 0.3575 0.46 0.3625 0.551667 0.34 0.555 0.325 0.54 0.33 0.51 0.3325 0.503333 0.325 0.488333 0.32 0.461667 0.3375 0.46 0.34 0.438333 0.35 0.45 0.35 0.456667
8 0.55 0.38 0.5975 0.448333 0.6075 0.466667 0.605 0.483333 0.575 0.448333 0.5625 0.443333 0.4925 0.421667 0.4525 0.425 0.435 0.426667 0.4 0.426667 0.3775 0.406667 0.395 0.38 0.4325 0.338333 0.455 0.318333 0.46 0.293333 0.4775 0.291667 0.4925 0.283333 0.51 0.265 0.51 0.253333 0.525 0.253333 0.52 0.278333 0.545 0.28 0.5325 0.328333 0.55 0.38 0.605 0.385 0.61 0.316667 0.615 0.305 0.61 0.283333 0.6225 0.276667 0.62 0.255 0.4 0.231667 0.385 0.256667 0.365 0.346667 0.3625 0.36 0.3475 0.346667 0.33 0.341667 0.32 0.345 0.3125 0.35 0.31 0.36 0.3 0.34 0.3 0.333333 0.3125 0.331667 0.32 0.323333 0.32 0.315 0.325 0.308333 0.35 0.24 0.375 0.203333 0.3975 0.195 0.415 0.195 0.4 0.231667 0.62 0.255 0.6425 0.243333 0.6375 0.233333 0.64 0.228333 0.6625 0.243333 0.67 0.276667 0.6725 0.301667 0.6775 0.315 0.67 0.335 0.6575 0.355 0.66 0.363333 0.675 0.363333 0.6725 0.376667 0.655 0.395 0.645 0.386667 0.6275 0.386667 0.605 0.385
3 0.54 0.831667 0.5675 0.815 0.5875 0.82 0.6025 0.831667 0.605 0.845 0.6225 0.873333 0.615 0.881667 0.6025 0.881667 0.6175 0.896667 0.6175 0.906667 0.5975 0.918333 0.575 0.926667 0.5575 0.928333 0.55 0.921667 0.55 0.911667 0.55 0.896667 0.5425 0.888333 0.5275 0.868333 0.5175 0.853333 0.515 0.843333 0.5175 0.838333 0.54 0.831667 0.54 0.831667 0.5675 0.815 0.5875 0.82 0.6025 0.831667 0.605 0.845 0.6225 0.873333 0.615 0.881667 0.6025 0.881667 0.6175 0.896667 0.6175 0.906667 0.5975 0.918333 0.575 0.926667 0.5575 0.928333 0.55 0.921667 0.55 0.911667 0.55 0.896667 0.5425 0.888333 0.5275 0.868333 0.5175 0.853333 0.515 0.843333 0.5175 0.838333 0.54 0.831667
