11 0.63 0.118333 0.6025 0.1 0.565 0.1 0.545 0.11 0.51 0.126667 0.4925 0.151667 0.4975 0.111667 0.495 0.105 0.48 0.103333 0.4925 0.0766667 0.5375 0.065 0.5725 0.0633333 0.6 0.0716667 0.6375 0.0983333 0.64 0.126667
8 0.5825 0.48 0.545 0.483333 0.55 0.493333 0.53 0.49 0.5125 0.466667 0.51 0.448333 0.5025 0.408333 0.515 0.36 0.525 0.356667 0.54 0.328333 0.5475 0.271667 0.5725 0.275 0.5925 0.27 0.585 0.355 0.59 0.42 0.5825 0.48 0.6825 0.468333 0.67 0.438333 0.48 0.501667 0.4725 0.5 0.445 0.506667 0.435 0.513333 0.4425 0.493333 0.465 0.485 0.48 0.501667 0.67 0.438333 0.6775 0.493333 0.6725 0.508333 0.6625 0.475 0.6525 0.463333 0.645 0.468333 0.625 0.485 0.5975 0.52 0.68 0.521667 0.69 0.52 0.6825 0.468333
12 0.43 0.48 0.3975 0.446667 0.3975 0.42 0.405 0.385 0.43 0.333333 0.4425 0.315 0.4725 0.338333 0.5025 0.36 0.515 0.36 0.5025 0.41 0.5125 0.461667 0.5125 0.47 0.525 0.488333 0.5475 0.493333 0.545 0.485 0.5825 0.48 0.59 0.416667 0.5875 0.353333 0.595 0.29 0.6 0.265 0.6425 0.236667 0.665 0.295 0.6775 0.345 0.6725 0.428333 0.67 0.441667 0.6775 0.486667 0.6725 0.506667 0.6625 0.47 0.6525 0.465 0.645 0.466667 0.615 0.496667 0.595 0.521667 0.585 0.53 0.5625 0.533333 0.5325 0.535 0.505 0.523333 0.49 0.511667 0.485 0.505 0.475 0.493333 0.465 0.483333 0.4425 0.493333 0.4425 0.486667
8 0.5025 0.23 0.4975 0.27 0.4675 0.253333 0.405 0.248333 0.41 0.265 0.405 0.268333 0.395 0.266667 0.3875 0.258333 0.3875 0.248333 0.3975 0.236667 0.3975 0.226667 0.405 0.22 0.42 0.21 0.4375 0.203333 0.465 0.203333 0.49 0.213333 0.5025 0.23 0.64 0.235 0.6475 0.235 0.685 0.258333 0.69 0.266667 0.695 0.281667 0.6975 0.285 0.675 0.291667 0.67 0.295 0.67 0.315 0.665 0.295 0.64 0.235
4 0.395 0.446667 0.4175 0.468333 0.445 0.483333 0.44 0.508333 0.43 0.516667 0.42 0.528333 0.395 0.525 0.41 0.481667 0.3975 0.465 0.395 0.446667 0.42 0.345 0.415 0.333333 0.4175 0.325 0.4175 0.315 0.4325 0.303333 0.44 0.315 0.425 0.34 0.42 0.345
7 0.6925 0.525 0.6775 0.573333 0.64 0.66 0.6225 0.696667 0.6225 0.741667 0.5975 0.835 0.5525 0.831667 0.5425 0.828333 0.535 0.743333 0.5475 0.715 0.5475 0.673333 0.56 0.568333 0.555 0.555 0.555 0.543333 0.5275 0.58 0.4875 0.621667 0.455 0.653333 0.465 0.686667 0.4825 0.715 0.4975 0.775 0.5 0.808333 0.495 0.815 0.4525 0.821667 0.435 0.816667 0.38 0.711667 0.35 0.651667 0.4075 0.54 0.42 0.523333 0.44 0.506667 0.455 0.5 0.4775 0.5 0.515 0.528333 0.5525 0.536667 0.57 0.53 0.6025 0.518333 0.6975 0.52
3 0.5025 0.975 0.4875 0.986667 0.445 0.985 0.4375 0.973333 0.44 0.968333 0.4625 0.976667 0.47 0.971667 0.4675 0.966667 0.4625 0.96 0.4575 0.956667 0.4325 0.965 0.445 0.94 0.4525 0.941667 0.46 0.941667 0.465 0.935 0.465 0.901667 0.46 0.89 0.4725 0.891667 0.4825 0.89 0.5025 0.881667 0.5175 0.863333 0.5275 0.868333 0.5125 0.883333 0.4875 0.896667 0.5225 0.906667 0.5225 0.92 0.4775 0.905 0.4825 0.948333 0.5225 0.951667 0.5125 0.973333
3 0.5475 0.938333 0.545 0.916667 0.5525 0.916667
3 0.585 0.955 0.575 0.986667 0.5525 0.99 0.52 0.988333 0.5125 0.975 0.5225 0.956667 0.535 0.95 0.535 0.94 0.5275 0.918333 0.5175 0.925 0.53 0.903333 0.5475 0.878333 0.555 0.878333 0.5475 0.901667 0.5675 0.905 0.58 0.896667 0.5825 0.896667 0.5775 0.908333 0.585 0.92 0.5675 0.916667 0.56 0.918333 0.555 0.95 0.5675 0.956667 0.5775 0.96 0.585 0.955 0.585 0.955 0.575 0.986667 0.5525 0.99 0.52 0.988333 0.5125 0.975 0.5225 0.956667 0.535 0.95 0.535 0.94 0.5275 0.918333 0.5175 0.925 0.53 0.903333 0.5475 0.878333 0.555 0.878333 0.5475 0.901667 0.5675 0.905 0.58 0.896667 0.5825 0.896667 0.5775 0.908333 0.585 0.92 0.5675 0.916667 0.56 0.918333 0.555 0.95 0.5675 0.956667 0.5775 0.96 0.585 0.955
3 0.5525 0.963333 0.5325 0.966667 0.5275 0.98 0.5525 0.978333 0.565 0.975 0.57 0.97
