4 0.5875 0.281667 0.6 0.355 0.59 0.475 0.5925 0.585 0.5025 0.578333 0.48 0.553333 0.495 0.508333 0.42 0.515 0.4225 0.488333 0.4275 0.478333 0.45 0.343333 0.485 0.265 0.5 0.281667 0.5175 0.278333 0.53 0.303333 0.5475 0.286667 0.5675 0.32
4 0.68 0.328333 0.67 0.471667 0.67 0.59 0.6975 0.59 0.7225 0.583333 0.725 0.56 0.71 0.556667 0.7125 0.526667 0.73 0.525 0.7675 0.531667 0.7675 0.54 0.79 0.533333 0.79 0.498333 0.7825 0.386667 0.7625 0.295 0.7375 0.255 0.715 0.251667 0.7 0.27 0.6925 0.29 0.6975 0.311667
8 0.6 0.395 0.6175 0.393333 0.6375 0.401667 0.6425 0.406667 0.6575 0.406667 0.65 0.388333 0.6625 0.328333 0.6625 0.318333 0.655 0.303333 0.6525 0.27 0.625 0.278333 0.585 0.265 0.585 0.281667 0.6 0.353333 0.5975 0.395
1 0.6 0.425 0.6125 0.418333 0.6275 0.413333 0.665 0.415 0.6575 0.405 0.6425 0.406667 0.6375 0.401667 0.6175 0.391667 0.5975 0.395 0.595 0.423333
10 0.595 0.575 0.67 0.575 0.67 0.468333 0.6725 0.428333 0.6625 0.413333 0.625 0.413333 0.6125 0.42 0.6 0.425 0.5925 0.421667 0.59 0.475
7 0.6075 0.573333 0.67 0.573333 0.67 0.59 0.7025 0.591667 0.685 0.66 0.6875 0.726667 0.6725 0.796667 0.63 0.795 0.615 0.706667 0.615 0.666667 0.6125 0.661667 0.6075 0.6 0.6075 0.573333 0.5975 0.58 0.59 0.663333 0.59 0.676667 0.58 0.685 0.5775 0.736667 0.56 0.79 0.5525 0.796667 0.5225 0.796667 0.515 0.771667 0.53 0.73 0.5525 0.706667 0.5475 0.668333 0.5575 0.645 0.5575 0.628333 0.5125 0.621667 0.51 0.608333 0.5025 0.601667 0.5 0.578333 0.59 0.585 0.5975 0.58
0 0.4475 0.546667 0.4225 0.558333 0.41 0.585 0.3975 0.61 0.395 0.613333 0.3525 0.62 0.35 0.638333 0.3375 0.653333 0.33 0.715 0.3275 0.741667 0.385 0.763333 0.4425 0.768333 0.49 0.776667 0.5125 0.771667 0.5325 0.728333 0.5525 0.706667 0.5475 0.666667 0.5575 0.641667 0.56 0.625 0.5125 0.621667 0.5075 0.606667 0.5 0.596667 0.5 0.575 0.4775 0.55 0.4675 0.561667 0.485 0.568333 0.4825 0.62 0.4275 0.616667 0.4275 0.595 0.4325 0.57 0.4475 0.555
2 0.675 0.8 0.67 0.856667 0.6575 0.896667 0.64 0.908333 0.6025 0.9 0.595 0.881667 0.615 0.85 0.625 0.818333 0.625 0.796667 0.6725 0.796667
2 0.565 0.791667 0.5675 0.823333 0.58 0.858333 0.59 0.875 0.585 0.9 0.5675 0.903333 0.5425 0.905 0.525 0.88 0.5225 0.843333 0.5175 0.806667 0.5225 0.796667 0.55 0.796667
8 0.67 0.428333 0.685 0.335 0.6625 0.33 0.65 0.388333 0.67 0.428333 0.495 0.508333 0.43 0.516667 0.45 0.521667 0.4875 0.521667 0.495 0.508333
