2 0.5425 0.8 0.5125 0.8 0.485 0.805 0.49 0.815 0.4875 0.828333 0.495 0.853333 0.5 0.865 0.5 0.893333 0.475 0.918333 0.47 0.923333 0.4675 0.935 0.495 0.945 0.5075 0.945 0.535 0.935 0.55 0.91 0.5725 0.9 0.5725 0.891667 0.5625 0.871667 0.5675 0.861667 0.5575 0.853333 0.565 0.845 0.5575 0.833333 0.565 0.816667 0.56 0.81 0.5525 0.793333 0.54 0.8
2 0.64 0.815 0.61 0.808333 0.61 0.823333 0.6075 0.831667 0.605 0.848333 0.5975 0.87 0.5925 0.881667 0.5875 0.898333 0.5675 0.915 0.545 0.923333 0.535 0.935 0.5275 0.941667 0.525 0.946667 0.565 0.953333 0.59 0.953333 0.62 0.945 0.64 0.933333 0.66 0.926667 0.6625 0.915 0.6575 0.9 0.6575 0.883333 0.6625 0.875 0.6675 0.851667 0.675 0.841667 0.67 0.828333 0.675 0.81 0.6425 0.815
7 0.56 0.536667 0.55 0.523333 0.5375 0.53 0.5375 0.53 0.515 0.523333 0.4975 0.521667 0.4775 0.521667 0.4775 0.575 0.4725 0.628333 0.455 0.671667 0.46 0.725 0.475 0.763333 0.49 0.806667 0.5125 0.798333 0.5425 0.8 0.5525 0.788333 0.5525 0.741667 0.535 0.7 0.5375 0.613333 0.56 0.546667 0.56 0.536667 0.5675 0.53 0.575 0.591667 0.58 0.645 0.585 0.668333 0.59 0.683333 0.59 0.688333 0.6125 0.736667 0.6125 0.756667 0.61 0.785 0.6125 0.806667 0.64 0.813333 0.6775 0.81 0.6925 0.755 0.68 0.708333 0.67 0.665 0.68 0.611667 0.6875 0.531667 0.6575 0.528333 0.6375 0.528333 0.6325 0.528333 0.6075 0.525 0.6 0.53 0.585 0.528333 0.5675 0.53
1 0.59 0.443333 0.535 0.446667 0.5225 0.448333 0.505 0.448333 0.4825 0.445 0.475 0.441667 0.475 0.433333 0.4975 0.43 0.4975 0.425 0.52 0.425 0.5475 0.425 0.5825 0.425 0.5925 0.44
8 0.6325 0.233333 0.6075 0.251667 0.6075 0.255 0.545 0.328333 0.515 0.361667 0.49 0.398333 0.475 0.408333 0.48 0.366667 0.4825 0.325 0.505 0.328333 0.5325 0.276667 0.5475 0.265 0.57 0.253333 0.5975 0.236667 0.63 0.221667 0.6325 0.233333 0.6775 0.223333 0.67 0.29 0.6675 0.333333 0.665 0.36 0.6575 0.388333 0.65 0.396667 0.6825 0.47 0.695 0.51 0.71 0.53 0.735 0.531667 0.745 0.51 0.735 0.488333 0.7425 0.47 0.7125 0.436667 0.71 0.421667 0.81 0.331667 0.825 0.328333 0.8625 0.323333 0.465 0.396667 0.45 0.405 0.45 0.406667 0.44 0.428333 0.4225 0.445 0.4075 0.463333 0.4075 0.478333 0.4075 0.491667 0.42 0.491667 0.43 0.486667 0.44 0.49 0.445 0.501667 0.455 0.503333 0.46 0.445 0.46 0.426667 0.465 0.396667 0.8625 0.323333 0.875 0.341667 0.88 0.365 0.8375 0.376667 0.83 0.371667 0.8225 0.338333 0.81 0.335 0.81 0.331667 0.71 0.421667 0.7 0.415 0.7025 0.418333 0.6825 0.421667 0.6575 0.388333 0.665 0.36 0.68 0.36 0.695 0.343333 0.7175 0.323333 0.725 0.27 0.71 0.26 0.695 0.253333 0.6925 0.223333 0.68 0.225 0.6775 0.223333
8 0.5975 0.453333 0.62 0.476667 0.655 0.488333 0.67 0.488333 0.685 0.483333 0.6825 0.468333 0.6475 0.395 0.6525 0.376667 0.6625 0.358333 0.6675 0.331667 0.6725 0.286667 0.675 0.255 0.66 0.276667 0.65 0.318333 0.6425 0.331667 0.635 0.326667 0.62 0.303333 0.62 0.273333 0.6075 0.253333 0.545 0.328333 0.505 0.376667 0.4925 0.4 0.475 0.41 0.475 0.431667 0.495 0.43 0.4975 0.423333 0.52 0.426667 0.5475 0.425 0.5825 0.423333 0.5975 0.453333
9 0.4775 0.458333 0.4725 0.501667 0.4725 0.515 0.475 0.52 0.4975 0.521667 0.515 0.523333 0.5375 0.528333 0.55 0.525 0.56 0.536667 0.565 0.53 0.585 0.528333 0.5975 0.53 0.605 0.525 0.6325 0.528333 0.6575 0.53 0.69 0.531667 0.6925 0.513333 0.685 0.481667 0.67 0.488333 0.65 0.486667 0.62 0.478333 0.595 0.453333 0.5875 0.445 0.54 0.446667 0.5225 0.448333 0.5075 0.446667 0.485 0.446667 0.4775 0.456667
0 0.425 0.355 0.4175 0.383333 0.3975 0.42 0.3825 0.441667 0.3725 0.433333 0.37 0.435 0.3725 0.468333 0.355 0.503333 0.3425 0.543333 0.335 0.55 0.265 0.578333 0.27 0.581667 0.28 0.58 0.335 0.563333 0.305 0.613333 0.3075 0.645 0.33 0.686667 0.345 0.691667 0.3975 0.708333 0.435 0.701667 0.455 0.673333 0.4725 0.626667 0.475 0.52 0.4775 0.455 0.4775 0.441667 0.475 0.43 0.475 0.408333 0.4775 0.365 0.48 0.325 0.4625 0.331667 0.465 0.396667 0.46 0.445 0.455 0.501667 0.4475 0.501667 0.4425 0.49 0.4325 0.486667 0.42 0.49 0.4075 0.491667 0.4075 0.476667 0.4075 0.463333 0.4225 0.445 0.4425 0.426667 0.45 0.403333 0.4675 0.395 0.4625 0.331667 0.455 0.351667 0.4425 0.36 0.4275 0.355
4 0.565 0.226667 0.5625 0.191667 0.5575 0.191667 0.515 0.198333 0.4875 0.255 0.4775 0.286667 0.465 0.325 0.4825 0.323333 0.505 0.33 0.5375 0.271667 0.565 0.226667 0.725 0.266667 0.72 0.321667 0.6975 0.343333 0.68 0.356667 0.6775 0.376667 0.6925 0.385 0.6875 0.383333 0.7075 0.415 0.6825 0.42 0.6575 0.386667 0.6775 0.376667 0.68 0.356667 0.715 0.34 0.745 0.328333 0.7875 0.295 0.7975 0.286667 0.8275 0.303333 0.8525 0.32 0.865 0.323333 0.88 0.343333 0.885 0.368333 0.93 0.36 0.9325 0.34 0.885 0.275 0.8725 0.263333 0.87 0.246667 0.8575 0.245 0.85 0.23 0.8325 0.218333 0.8225 0.205 0.7925 0.196667 0.79 0.198333 0.77 0.221667 0.7625 0.26 0.725 0.266667
8 0.6675 0.233333 0.6325 0.238333 0.6325 0.261667 0.635 0.266667 0.6525 0.265 0.6675 0.233333
