0 0.0825 0.553333 0.1725 0.565 0.28 0.57 0.3525 0.558333 0.3875 0.531667 0.385 0.513333 0.3375 0.455 0.305 0.425 0.2825 0.42 0.265 0.378333 0.2575 0.37 0.2475 0.375 0.2525 0.406667 0.22 0.415 0.2 0.405 0.185 0.386667 0.1825 0.368333 0.165 0.393333 0.1475 0.425 0.1225 0.426667 0.095 0.45 0.095 0.463333 0.0775 0.478333 0.0775 0.52
1 0.52 0.398333 0.5175 0.375 0.4675 0.38 0.425 0.378333 0.4075 0.375 0.3625 0.38 0.3275 0.378333 0.2925 0.378333 0.29 0.396667 0.36 0.396667 0.3775 0.4 0.3825 0.408333 0.425 0.41 0.4325 0.403333 0.515 0.396667
5 0.2525 0.59 0.295 0.595 0.335 0.598333 0.3575 0.601667 0.355 0.611667 0.37 0.615 0.3825 0.615 0.4025 0.605 0.44 0.605 0.445 0.613333 0.46 0.62 0.485 0.62 0.495 0.616667 0.495 0.601667 0.535 0.6 0.5625 0.59 0.5575 0.573333 0.5725 0.566667 0.5975 0.565 0.595 0.518333 0.585 0.476667 0.58 0.461667 0.5575 0.44 0.5275 0.426667 0.52 0.396667 0.515 0.396667 0.4325 0.403333 0.425 0.408333 0.3825 0.408333 0.375 0.4 0.36 0.396667 0.29 0.396667 0.285 0.4 0.2825 0.42 0.305 0.425 0.3375 0.455 0.385 0.513333 0.3875 0.533333 0.3525 0.558333 0.28 0.57 0.2475 0.57
5 0.49 0.278333 0.455 0.28 0.4575 0.313333 0.445 0.345 0.4225 0.36 0.39 0.36 0.3675 0.345 0.3625 0.315 0.3675 0.283333 0.3375 0.281667 0.3225 0.278333 0.2975 0.321667 0.2925 0.35 0.2925 0.378333 0.3275 0.378333 0.365 0.38 0.4075 0.375 0.425 0.378333 0.47 0.38 0.5175 0.373333 0.51 0.338333 0.495 0.295
5 0.44 0.286667 0.3875 0.288333 0.385 0.325 0.3875 0.343333 0.4025 0.351667 0.4275 0.343333 0.4375 0.323333 0.4425 0.298333
4 0.4525 0.233333 0.5025 0.248333 0.4825 0.241667 0.49 0.286667 0.5125 0.34 0.5175 0.375 0.5275 0.426667 0.56 0.441667 0.58 0.461667 0.5725 0.431667 0.62 0.426667 0.635 0.423333 0.62 0.355 0.615 0.296667 0.605 0.256667 0.575 0.221667 0.5625 0.215 0.5175 0.205 0.5075 0.198333 0.47 0.225 0.4525 0.233333 0.3675 0.198333 0.3775 0.188333 0.375 0.18 0.3375 0.191667 0.3025 0.208333 0.2775 0.215 0.2625 0.216667 0.24 0.241667 0.215 0.273333 0.21 0.305 0.215 0.315 0.2225 0.305 0.2325 0.306667 0.2375 0.325 0.2475 0.325 0.25 0.331667 0.2625 0.336667 0.2675 0.35 0.27 0.36 0.255 0.37 0.2675 0.38 0.2825 0.421667 0.285 0.4 0.2925 0.395 0.2925 0.35 0.2975 0.32 0.3225 0.276667 0.3475 0.238333 0.3675 0.198333
2 0.655 0.663333 0.65 0.6 0.6525 0.566667 0.6325 0.563333 0.63 0.57 0.625 0.57 0.62 0.565 0.6 0.565 0.5725 0.565 0.5625 0.573333 0.5775 0.635 0.5875 0.68 0.575 0.688333 0.5725 0.703333 0.555 0.705 0.54 0.72 0.545 0.738333 0.59 0.731667 0.5925 0.736667 0.5975 0.743333 0.645 0.745 0.6725 0.735 0.67 0.718333 0.66 0.68
2 0.6775 0.728333 0.7025 0.726667 0.7125 0.715 0.71 0.681667 0.6975 0.665 0.715 0.608333 0.7275 0.566667 0.7225 0.56 0.68 0.56 0.675 0.568333 0.665 0.573333 0.655 0.566667 0.65 0.601667 0.655 0.661667 0.6625 0.681667 0.67 0.72 0.6725 0.733333
7 0.3825 0.615 0.3725 0.615 0.355 0.611667 0.3575 0.6 0.2925 0.595 0.25 0.59 0.2525 0.666667 0.2625 0.716667 0.2675 0.738333 0.2975 0.78 0.3225 0.813333 0.33 0.845 0.33 0.858333 0.3475 0.868333 0.3625 0.866667 0.39 0.851667 0.3825 0.813333 0.385 0.801667 0.3625 0.785 0.3625 0.745 0.365 0.736667 0.3575 0.715 0.3525 0.705 0.3625 0.663333 0.3825 0.615 0.405 0.606667 0.4125 0.63 0.42 0.666667 0.43 0.693333 0.4325 0.755 0.43 0.78 0.435 0.811667 0.42 0.855 0.41 0.881667 0.4125 0.881667 0.4225 0.891667 0.46 0.888333 0.4675 0.883333 0.4775 0.863333 0.4775 0.838333 0.495 0.791667 0.515 0.751667 0.5225 0.725 0.52 0.69 0.525 0.613333 0.525 0.6 0.495 0.601667 0.495 0.616667 0.485 0.62 0.46 0.621667 0.445 0.613333 0.44 0.605 0.405 0.606667
3 0.325 0.861667 0.3275 0.885 0.3525 0.901667 0.375 0.898333 0.385 0.88 0.395 0.866667 0.3925 0.843333 0.3875 0.851667 0.365 0.866667 0.3475 0.868333 0.3275 0.856667
3 0.4 0.885 0.3975 0.901667 0.3975 0.916667 0.4275 0.92 0.46 0.906667 0.475 0.896667 0.475 0.871667 0.4675 0.881667 0.46 0.888333 0.425 0.891667 0.41 0.878333
