7 0.3825 0.691667 0.3825 0.671667 0.3875 0.66 0.4075 0.63 0.4325 0.603333 0.4525 0.58 0.455 0.57 0.4625 0.576667 0.4775 0.578333 0.49 0.591667 0.4875 0.598333 0.3825 0.691667 0.39 0.796667 0.435 0.803333 0.41 0.806667 0.39 0.805 0.39 0.796667
4 0.5375 0.531667 0.58 0.465 0.5875 0.445 0.61 0.378333 0.6175 0.366667 0.6475 0.351667 0.675 0.345 0.6725 0.35 0.64 0.431667 0.6425 0.448333 0.64 0.493333 0.6475 0.495 0.655 0.498333 0.6575 0.515 0.6475 0.578333 0.67 0.658333 0.675 0.683333 0.6475 0.706667 0.6175 0.665 0.57 0.636667 0.555 0.631667 0.55 0.608333 0.57 0.593333 0.5925 0.573333 0.6275 0.525 0.6225 0.52 0.5775 0.533333 0.565 0.556667 0.5475 0.565 0.5175 0.571667 0.5375 0.531667 0.4825 0.496667 0.47 0.488333 0.4725 0.466667 0.425 0.466667 0.4475 0.536667 0.4525 0.571667 0.445 0.586667 0.365 0.676667 0.34 0.681667 0.34 0.661667 0.3825 0.58 0.405 0.505 0.425 0.466667 0.4725 0.466667 0.4675 0.443333 0.46 0.426667 0.465 0.4 0.4775 0.355 0.49 0.346667 0.4675 0.425 0.4825 0.465 0.4825 0.486667 0.4825 0.496667
1 0.5575 0.485 0.5375 0.491667 0.4925 0.495 0.485 0.453333 0.5125 0.455 0.5425 0.456667 0.58 0.458333
11 0.52 0.245 0.5475 0.225 0.575 0.213333 0.625 0.21 0.665 0.228333 0.675 0.236667 0.6775 0.25 0.675 0.258333 0.67 0.271667 0.66 0.278333 0.66 0.29 0.6475 0.303333 0.61 0.281667 0.5675 0.26
0 0.5375 0.605 0.55 0.621667 0.55 0.635 0.5825 0.64 0.62 0.668333 0.6475 0.708333 0.6525 0.715 0.6525 0.725 0.6625 0.736667 0.6525 0.746667 0.6525 0.763333 0.6375 0.78 0.635 0.796667 0.6175 0.816667 0.59 0.826667 0.5325 0.823333 0.385 0.793333 0.3625 0.788333 0.3475 0.77 0.3575 0.755 0.35 0.71 0.375 0.693333 0.3975 0.678333 0.4525 0.63 0.465 0.631667 0.4725 0.618333 0.485 0.6 0.4975 0.595 0.5025 0.611667 0.5 0.625 0.5075 0.63 0.5175 0.628333 0.5075 0.611667 0.5 0.598333 0.5025 0.593333 0.515 0.593333
8 0.52 0.365 0.5 0.38 0.49 0.401667 0.5075 0.405 0.5 0.428333 0.4825 0.43 0.4775 0.423333 0.5075 0.355 0.5225 0.345 0.5525 0.32 0.54 0.335 0.515 0.36
3 0.6025 0.845 0.5725 0.903333 0.565 0.903333 0.5725 0.878333 0.565 0.883333 0.5525 0.898333 0.5475 0.911667 0.5175 0.913333 0.4825 0.911667 0.4775 0.893333 0.4925 0.896667 0.49 0.883333 0.5075 0.875 0.525 0.876667 0.55 0.888333 0.58 0.863333 0.56 0.86 0.5425 0.858333 0.5325 0.853333 0.5325 0.848333 0.545 0.851667 0.5525 0.85 0.57 0.855 0.5825 0.855
3 0.4475 0.826667 0.43 0.843333 0.435 0.848333 0.4575 0.845 0.435 0.893333 0.43 0.891667 0.435 0.856667 0.415 0.871667 0.4075 0.881667 0.3975 0.9 0.375 0.905 0.355 0.905 0.3475 0.903333 0.34 0.891667 0.3575 0.891667 0.3575 0.886667 0.3475 0.88 0.37 0.868333 0.375 0.866667 0.3825 0.871667 0.405 0.876667 0.41 0.865 0.4275 0.855 0.4225 0.846667 0.39 0.843333 0.39 0.838333 0.4025 0.841667 0.4225 0.841667 0.445 0.823333
8 0.58 0.455 0.555 0.45 0.5625 0.436667 0.5725 0.426667 0.59 0.421667 0.58 0.455 0.56 0.486667 0.5375 0.53 0.52 0.546667 0.505 0.548333 0.4925 0.535 0.4825 0.516667 0.475 0.498333 0.5 0.491667 0.5425 0.491667 0.56 0.486667
8 0.5925 0.353333 0.635 0.328333 0.64 0.305 0.655 0.303333 0.67 0.323333 0.6875 0.33 0.7125 0.348333 0.72 0.365 0.72 0.395 0.7075 0.431667 0.685 0.461667 0.685 0.49 0.655 0.496667 0.66 0.478333 0.645 0.465 0.6425 0.431667 0.6625 0.386667 0.665 0.37 0.695 0.353333 0.6725 0.363333 0.68 0.346667 0.6775 0.341667 0.6625 0.343333 0.65 0.35 0.6125 0.373333 0.6125 0.363333 0.5925 0.353333 0.545 0.328333 0.525 0.35 0.5125 0.37 0.5025 0.39 0.4975 0.4 0.5025 0.42 0.515 0.428333 0.515 0.431667 0.5075 0.446667 0.5075 0.453333 0.525 0.448333 0.525 0.438333 0.535 0.448333 0.5375 0.461667 0.495 0.453333 0.475 0.446667 0.4675 0.423333 0.49 0.351667 0.4925 0.341667 0.485 0.336667 0.4675 0.363333 0.455 0.415 0.455 0.438333 0.43 0.438333 0.425 0.443333 0.425 0.453333 0.4025 0.443333 0.405 0.43 0.415 0.413333 0.4225 0.41 0.4325 0.365 0.465 0.315 0.4725 0.306667 0.5 0.303333 0.5025 0.291667 0.505 0.288333 0.5225 0.29 0.5325 0.291667 0.5375 0.315 0.55 0.321667 0.545 0.328333
