6 0.4775 0.161667 0.5 0.166667 0.52 0.156667 0.5375 0.161667 0.5625 0.148333 0.5775 0.15 0.585 0.168333 0.5675 0.183333 0.545 0.173333 0.54 0.173333 0.53 0.185 0.51 0.191667 0.5 0.191667 0.49 0.176667 0.49 0.171667
12 0.485 0.196667 0.495 0.218333 0.5225 0.226667 0.54 0.251667 0.555 0.248333 0.5675 0.223333 0.5925 0.193333 0.6175 0.213333 0.6075 0.223333 0.575 0.226667 0.575 0.236667 0.5925 0.253333 0.595 0.281667 0.5625 0.3 0.53 0.291667 0.495 0.28 0.4825 0.265 0.4775 0.221667 0.4425 0.206667 0.465 0.193333
11 0.475 0.165 0.4625 0.146667 0.4725 0.116667 0.48 0.101667 0.505 0.09 0.53 0.085 0.5625 0.0866667 0.59 0.111667 0.5925 0.131667 0.575 0.126667 0.5625 0.116667 0.535 0.111667 0.5075 0.12 0.485 0.131667 0.4775 0.165
7 0.3875 0.575 0.4325 0.575 0.455 0.586667 0.4975 0.571667 0.5325 0.575 0.59 0.565 0.62 0.565 0.6425 0.575 0.6475 0.608333 0.625 0.656667 0.6275 0.671667 0.6175 0.673333 0.5925 0.726667 0.5875 0.783333 0.5725 0.833333 0.5775 0.863333 0.5525 0.9 0.5375 0.91 0.52 0.915 0.4725 0.915 0.455 0.878333 0.4275 0.788333 0.4225 0.74 0.3975 0.675 0.3725 0.6
8 0.4875 0.271667 0.5375 0.298333 0.5725 0.29 0.5925 0.261667 0.5925 0.328333 0.6075 0.398333 0.605 0.438333 0.62 0.495 0.62 0.533333 0.6175 0.556667 0.6425 0.546667 0.6425 0.568333 0.5925 0.565 0.515 0.578333 0.49 0.565 0.4725 0.586667 0.425 0.575 0.3775 0.578333 0.3875 0.546667 0.3875 0.51 0.4225 0.533333 0.46 0.538333 0.4625 0.476667 0.455 0.405 0.46 0.338333 0.465 0.306667
0 0.6425 0.355 0.635 0.283333 0.615 0.243333 0.635 0.24 0.6575 0.243333 0.665 0.306667 0.6675 0.346667 0.6425 0.355 0.6425 0.396667 0.665 0.405 0.695 0.445 0.7025 0.475 0.7175 0.506667 0.725 0.523333 0.735 0.615 0.705 0.631667 0.6975 0.72 0.6875 0.65 0.645 0.626667 0.65 0.586667 0.65 0.496667 0.65 0.423333 0.6425 0.396667
2 0.4725 0.935 0.46 0.973333 0.4675 0.99 0.4825 0.998333 0.4975 0.986667 0.5025 0.958333 0.4825 0.928333
2 0.4725 0.935 0.46 0.973333 0.4675 0.99 0.4825 0.998333 0.4975 0.986667 0.5025 0.958333 0.4825 0.928333
4 0.4925 0.27 0.4625 0.235 0.4525 0.213333 0.4425 0.225 0.3975 0.233333 0.3525 0.283333 0.3225 0.346667 0.31 0.395 0.3075 0.468333 0.3075 0.52 0.3175 0.52 0.31 0.553333 0.35 0.541667 0.3875 0.546667 0.38 0.516667 0.3975 0.515 0.4325 0.531667 0.455 0.535 0.455 0.476667 0.46 0.41 0.455 0.335 0.47 0.298333 0.4925 0.27 0.5625 0.23 0.6075 0.221667 0.62 0.251667 0.6375 0.325 0.635 0.346667 0.66 0.343333 0.6625 0.306667 0.6475 0.243333 0.69 0.258333 0.7375 0.34 0.76 0.4 0.7175 0.455 0.6925 0.453333 0.67 0.418333 0.6975 0.406667 0.69 0.376667 0.6825 0.358333 0.66 0.343333 0.635 0.346667 0.635 0.395 0.645 0.436667 0.655 0.455 0.6525 0.503333 0.6425 0.54 0.62 0.545 0.625 0.505 0.6075 0.45 0.6075 0.393333 0.5925 0.303333 0.5925 0.258333 0.5625 0.23
2 0.4875 0.92 0.4975 0.955 0.5075 0.996667 0.555 0.998333 0.5525 0.958333 0.545 0.918333 0.5325 0.91 0.4875 0.92 0.4875 0.92 0.4975 0.955 0.5075 0.996667 0.555 0.998333 0.5525 0.958333 0.545 0.918333 0.5325 0.91 0.4875 0.92
