0 0.4025 0.316667 0.3875 0.403333 0.3775 0.436667 0.3725 0.468333 0.3575 0.585 0.3425 0.611667 0.3275 0.631667 0.2975 0.635 0.295 0.591667 0.315 0.585 0.325 0.556667 0.325 0.505 0.335 0.47 0.3525 0.438333 0.365 0.416667 0.3675 0.376667 0.4 0.32
1 0.415 0.385 0.4475 0.378333 0.4975 0.383333 0.5125 0.375 0.5125 0.36 0.4775 0.355 0.4025 0.358333
4 0.43 0.293333 0.4175 0.315 0.415 0.336667 0.4025 0.355 0.415 0.391667 0.41 0.458333 0.4075 0.523333 0.3675 0.528333 0.3725 0.468333 0.3775 0.435 0.385 0.403333 0.4025 0.355 0.3975 0.316667 0.3675 0.375 0.365 0.421667 0.3425 0.423333 0.3075 0.426667 0.2975 0.431667 0.3025 0.395 0.32 0.333333 0.31 0.3 0.3375 0.226667 0.3475 0.21 0.39 0.215 0.4125 0.22 0.4025 0.246667 0.3875 0.26 0.3875 0.286667 0.415 0.286667 0.43 0.293333 0.5075 0.288333 0.5075 0.355 0.5175 0.365 0.51 0.383333 0.5275 0.456667 0.53 0.501667 0.535 0.516667 0.5625 0.523333 0.655 0.498333 0.6325 0.446667 0.6075 0.386667 0.6275 0.383333 0.645 0.365 0.655 0.295 0.645 0.27 0.6425 0.235 0.625 0.215 0.595 0.21 0.58 0.24 0.59 0.26 0.605 0.296667 0.6 0.315 0.5775 0.325 0.5575 0.315 0.5525 0.286667 0.545 0.246667 0.52 0.268333 0.5075 0.288333
8 0.4325 0.303333 0.4625 0.285 0.4825 0.305 0.505 0.288333 0.5075 0.356667 0.4775 0.358333 0.3975 0.356667 0.4125 0.335 0.4175 0.315
10 0.6425 0.505 0.665 0.541667 0.6725 0.568333 0.65 0.573333 0.615 0.576667 0.58 0.57 0.495 0.58 0.435 0.578333 0.3625 0.575 0.3625 0.528333 0.4075 0.523333 0.41 0.456667 0.415 0.383333 0.4475 0.38 0.4975 0.383333 0.5125 0.375 0.51 0.383333 0.5275 0.456667 0.53 0.501667 0.535 0.516667 0.5625 0.523333 0.6425 0.501667
7 0.495 0.58 0.58 0.57 0.615 0.575 0.62 0.58 0.615 0.613333 0.605 0.655 0.615 0.723333 0.6175 0.755 0.5875 0.76 0.5575 0.76 0.535 0.753333 0.5375 0.73 0.5225 0.693333 0.5075 0.651667 0.505 0.613333 0.495 0.58 0.475 0.58 0.475 0.583333 0.4725 0.633333 0.4625 0.678333 0.455 0.718333 0.45 0.755 0.405 0.761667 0.375 0.761667 0.3725 0.716667 0.3725 0.648333 0.3625 0.613333 0.3575 0.583333 0.3625 0.573333 0.435 0.578333 0.475 0.58
2 0.46 0.751667 0.4725 0.831667 0.4675 0.843333 0.46 0.848333 0.4675 0.858333 0.4775 0.875 0.4725 0.895 0.4825 0.916667 0.495 0.935 0.4975 0.946667 0.4975 0.956667 0.4775 0.961667 0.4525 0.96 0.4275 0.946667 0.4175 0.941667 0.4025 0.91 0.415 0.89 0.3975 0.873333 0.4 0.855 0.385 0.841667 0.385 0.815 0.38 0.808333 0.3625 0.76 0.3725 0.76 0.4025 0.76 0.45 0.755 0.4575 0.751667
2 0.46 0.751667 0.4725 0.831667 0.4675 0.843333 0.46 0.848333 0.4675 0.858333 0.4775 0.875 0.4725 0.895 0.4825 0.916667 0.495 0.935 0.4975 0.946667 0.4975 0.956667 0.4775 0.961667 0.4525 0.96 0.4275 0.946667 0.4175 0.941667 0.4025 0.91 0.415 0.89 0.3975 0.873333 0.4 0.855 0.385 0.841667 0.385 0.815 0.38 0.808333 0.3625 0.76 0.3725 0.76 0.4025 0.76 0.45 0.755 0.4575 0.751667
11 0.4125 0.136667 0.4575 0.133333 0.51 0.136667 0.54 0.131667 0.56 0.121667 0.5325 0.0916667 0.5025 0.0883333 0.46 0.085 0.435 0.0983333 0.405 0.13 0.4125 0.136667
2 0.6225 0.75 0.6275 0.753333 0.6225 0.806667 0.6125 0.863333 0.6 0.875 0.6 0.898333 0.595 0.915 0.5725 0.938333 0.535 0.953333 0.515 0.953333 0.495 0.945 0.4975 0.926667 0.5225 0.901667 0.535 0.883333 0.5325 0.866667 0.545 0.851667 0.5325 0.84 0.53 0.808333 0.5325 0.775 0.535 0.753333 0.56 0.76 0.5875 0.76 0.6175 0.755 0.6225 0.75 0.6225 0.75 0.6275 0.753333 0.6225 0.806667 0.6125 0.863333 0.6 0.875 0.6 0.898333 0.595 0.915 0.5725 0.938333 0.535 0.953333 0.515 0.953333 0.495 0.945 0.4975 0.926667 0.5225 0.901667 0.535 0.883333 0.5325 0.866667 0.545 0.851667 0.5325 0.84 0.53 0.808333 0.5325 0.775 0.535 0.753333 0.56 0.76 0.5875 0.76 0.6175 0.755 0.6225 0.75
