7 0.4275 0.596667 0.3375 0.596667 0.3175 0.598333 0.33 0.661667 0.33 0.705 0.3325 0.773333 0.3475 0.833333 0.39 0.83 0.4 0.82 0.4125 0.78 0.4125 0.706667
7 0.475 0.591667 0.49 0.681667 0.5 0.715 0.5 0.773333 0.5 0.823333 0.54 0.828333 0.5525 0.823333 0.5625 0.798333 0.575 0.753333 0.575 0.715 0.5625 0.678333 0.5875 0.598333
2 0.415 0.868333 0.385 0.873333 0.365 0.871667 0.355 0.878333 0.3625 0.905 0.3725 0.94 0.3875 0.963333 0.3975 0.976667 0.425 0.983333 0.445 0.975 0.455 0.961667 0.455 0.946667 0.4325 0.916667
2 0.4925 0.865 0.4775 0.9 0.46 0.935 0.4575 0.961667 0.46 0.97 0.4925 0.973333 0.5175 0.966667 0.53 0.943333 0.535 0.908333 0.55 0.881667 0.5475 0.865
1 0.4925 0.405 0.4125 0.41 0.39 0.405 0.3925 0.42 0.4425 0.425 0.4925 0.426667
12 0.4125 0.173333 0.365 0.188333 0.3675 0.22 0.38 0.261667 0.4275 0.235 0.465 0.205 0.42 0.196667
12 0.54 0.213333 0.5075 0.246667 0.5125 0.265 0.5275 0.265 0.55 0.228333
12 0.4525 0.25 0.4175 0.288333 0.4375 0.303333 0.46 0.3 0.48 0.281667 0.465 0.253333
4 0.365 0.21 0.3175 0.208333 0.2875 0.228333 0.27 0.276667 0.26 0.318333 0.2675 0.343333 0.285 0.368333 0.29 0.388333 0.3075 0.395 0.32 0.415 0.3125 0.461667 0.31 0.498333 0.3325 0.511667 0.375 0.513333 0.39 0.436667 0.395 0.39 0.395 0.323333 0.325 0.361667 0.3 0.345 0.315 0.315 0.34 0.278333 0.3775 0.266667 0.375 0.233333
4 0.56 0.218333 0.5325 0.288333 0.55 0.301667 0.5575 0.37 0.5375 0.371667 0.515 0.34 0.4925 0.318333 0.49 0.363333 0.5025 0.378333 0.5 0.433333 0.4775 0.503333 0.49 0.513333 0.5425 0.518333 0.5975 0.505 0.58 0.42 0.5925 0.42 0.61 0.41 0.615 0.378333 0.6375 0.363333 0.635 0.32 0.6225 0.285 0.63 0.273333 0.6175 0.24 0.5925 0.223333
5 0.3975 0.405 0.45 0.406667 0.4925 0.406667 0.4975 0.363333 0.4775 0.29 0.455 0.3 0.425 0.295 0.395 0.323333 0.3975 0.405 0.395 0.421667 0.38 0.495 0.38 0.513333 0.345 0.513333 0.31 0.501667 0.3025 0.566667 0.3 0.59 0.305 0.596667 0.38 0.593333 0.4725 0.593333 0.5275 0.601667 0.5825 0.598333 0.605 0.59 0.6 0.583333 0.6 0.558333 0.6 0.526667 0.5875 0.508333 0.485 0.513333 0.495 0.511667 0.5 0.423333 0.395 0.421667
