2 0.3275 0.796667 0.3225 0.815 0.325 0.825 0.33 0.831667 0.325 0.84 0.325 0.863333 0.3175 0.866667 0.3175 0.881667 0.32 0.886667 0.32 0.893333 0.305 0.918333 0.2975 0.941667 0.3 0.953333 0.3125 0.963333 0.3425 0.968333 0.3575 0.965 0.3725 0.958333 0.38 0.93 0.3875 0.911667 0.395 0.896667 0.4025 0.863333 0.395 0.85 0.405 0.835 0.4075 0.816667 0.4125 0.795 0.395 0.81 0.3575 0.81 0.3475 0.81 0.3375 0.803333
2 0.6 0.813333 0.6025 0.853333 0.605 0.863333 0.6 0.868333 0.6025 0.88 0.6 0.885 0.595 0.888333 0.595 0.898333 0.5875 0.903333 0.5875 0.908333 0.5625 0.925 0.5375 0.943333 0.5325 0.955 0.5375 0.963333 0.545 0.968333 0.5625 0.975 0.585 0.98 0.5975 0.976667 0.6375 0.956667 0.64 0.946667 0.6475 0.945 0.655 0.935 0.655 0.93 0.675 0.918333 0.6825 0.906667 0.68 0.891667 0.675 0.89 0.695 0.865 0.7075 0.848333 0.705 0.835 0.6975 0.825 0.68 0.81 0.6775 0.83 0.6575 0.83 0.635 0.826667 0.615 0.823333
9 0.4075 0.526667 0.4225 0.533333 0.47 0.538333 0.5225 0.538333 0.565 0.533333 0.5975 0.526667 0.605 0.521667 0.635 0.513333 0.6625 0.506667 0.6625 0.515 0.6225 0.526667 0.6275 0.531667 0.6475 0.53 0.6625 0.528333 0.67 0.533333 0.67 0.543333 0.6725 0.551667 0.675 0.568333 0.665 0.58 0.6625 0.585 0.67 0.588333 0.66 0.593333 0.6225 0.598333 0.565 0.596667 0.53 0.591667 0.51 0.585 0.505 0.585 0.505 0.591667 0.4925 0.595 0.475 0.596667 0.425 0.598333 0.3975 0.595 0.3725 0.591667 0.3675 0.563333 0.3875 0.585 0.395 0.585 0.38 0.55 0.3725 0.538333 0.3725 0.528333 0.4 0.528333
4 0.505 0.585 0.505 0.591667 0.49 0.595 0.48 0.616667 0.47 0.636667 0.4675 0.641667 0.495 0.643333 0.5225 0.643333 0.545 0.646667 0.525 0.59
4 0.3075 0.561667 0.3075 0.583333 0.31 0.6 0.32 0.603333 0.3175 0.628333 0.3225 0.661667 0.3325 0.661667 0.3475 0.66 0.345 0.645 0.355 0.646667 0.3475 0.623333 0.3475 0.61 0.345 0.6 0.3375 0.59 0.3275 0.596667 0.3225 0.59
4 0.6675 0.598333 0.66 0.64 0.6575 0.668333 0.6575 0.671667 0.6625 0.671667 0.6625 0.651667 0.67 0.643333 0.6725 0.631667 0.68 0.616667 0.685 0.591667 0.6825 0.578333 0.67 0.59
4 0.6775 0.535 0.6775 0.566667 0.6725 0.551667 0.67 0.541667 0.67 0.533333
0 0.3375 0.196667 0.345 0.19 0.3575 0.196667 0.3625 0.191667 0.3725 0.193333 0.3725 0.213333 0.365 0.238333 0.35 0.283333 0.345 0.296667 0.35 0.303333 0.355 0.335 0.35 0.341667 0.35 0.351667 0.3525 0.36 0.35 0.366667 0.355 0.38 0.36 0.398333 0.36 0.43 0.36 0.453333 0.36 0.475 0.355 0.498333 0.3475 0.511667 0.3375 0.505 0.3275 0.491667 0.315 0.445 0.3125 0.423333 0.305 0.41 0.3025 0.401667 0.3025 0.385 0.3125 0.376667 0.3125 0.368333 0.32 0.361667 0.32 0.351667 0.3225 0.343333 0.3225 0.321667 0.3325 0.298333 0.3375 0.275 0.3425 0.241667 0.3425 0.218333
4 0.325 0.341667 0.3225 0.32 0.3375 0.275 0.3425 0.24 0.335 0.226667 0.3375 0.213333 0.3375 0.203333 0.325 0.205 0.3 0.215 0.2875 0.231667 0.275 0.243333 0.265 0.261667 0.265 0.276667 0.2625 0.305 0.2525 0.306667 0.25 0.315 0.255 0.316667 0.255 0.325 0.25 0.328333 0.24 0.333333 0.2375 0.341667 0.2425 0.348333 0.2375 0.36 0.23 0.366667 0.2275 0.375 0.2375 0.376667 0.235 0.406667 0.2375 0.413333 0.24 0.416667 0.2525 0.405 0.27 0.401667 0.2875 0.4 0.3025 0.401667 0.3025 0.385 0.3125 0.375 0.3125 0.37 0.32 0.361667 0.32 0.35 0.325 0.341667 0.3525 0.36 0.35 0.366667 0.355 0.378333 0.36 0.4 0.36 0.43 0.3675 0.423333 0.37 0.408333 0.375 0.395 0.3775 0.375 0.37 0.353333 0.3575 0.34 0.6025 0.363333 0.6075 0.345 0.61 0.328333 0.615 0.293333 0.615 0.271667 0.605 0.248333 0.5975 0.236667 0.5875 0.21 0.575 0.201667 0.575 0.193333 0.59 0.195 0.625 0.201667 0.64 0.208333 0.66 0.215 0.67 0.243333 0.6775 0.275 0.6775 0.305 0.6825 0.31 0.675 0.321667 0.6825 0.33 0.6825 0.336667 0.6875 0.34 0.6875 0.345 0.695 0.36 0.685 0.368333 0.69 0.375 0.6975 0.396667 0.68 0.396667 0.6625 0.4 0.67 0.428333 0.6725 0.46 0.675 0.505 0.67 0.505 0.6625 0.495 0.6525 0.455 0.6325 0.403333 0.6175 0.373333 0.6025 0.363333 0.3575 0.34 0.35 0.341667 0.35 0.353333 0.3525 0.36
8 0.355 0.503333 0.355 0.513333 0.385 0.516667 0.41 0.528333 0.4225 0.533333 0.4675 0.538333 0.5225 0.538333 0.5625 0.533333 0.5975 0.526667 0.605 0.521667 0.66 0.506667 0.6625 0.5 0.66 0.478333 0.6425 0.485 0.605 0.493333 0.5775 0.5 0.54 0.5 0.5025 0.501667 0.4475 0.496667 0.42 0.493333 0.375 0.476667 0.36 0.473333
8 0.47 0.283333 0.43 0.281667 0.3875 0.266667 0.385 0.26 0.3925 0.253333 0.4025 0.236667 0.4025 0.213333 0.405 0.195 0.42 0.185 0.3925 0.195 0.3725 0.2 0.3725 0.213333 0.3775 0.231667 0.37 0.25 0.3575 0.268333 0.345 0.298333 0.3475 0.303333 0.355 0.336667 0.35 0.34 0.3575 0.34 0.37 0.355 0.3775 0.373333 0.375 0.396667 0.37 0.41 0.36 0.455 0.3575 0.471667 0.3725 0.476667 0.42 0.493333 0.4475 0.496667 0.5025 0.501667 0.54 0.501667 0.5775 0.5 0.61 0.493333 0.6425 0.485 0.66 0.478333 0.6525 0.453333 0.6175 0.371667 0.6 0.361667 0.6075 0.345 0.615 0.291667 0.615 0.27 0.5975 0.246667 0.59 0.225 0.585 0.213333 0.5775 0.201667 0.575 0.193333 0.555 0.19 0.55 0.19 0.5525 0.211667 0.545 0.246667 0.5375 0.263333 0.5225 0.275 0.5125 0.318333 0.5075 0.348333 0.5025 0.356667 0.5 0.37 0.515 0.371667 0.5175 0.376667 0.505 0.376667 0.5025 0.378333 0.5 0.395 0.495 0.395 0.495 0.378333 0.49 0.375 0.4825 0.375 0.48 0.371667 0.495 0.371667 0.495 0.36 0.48 0.315 0.47 0.283333 0.475 0.283333 0.505 0.283333 0.5175 0.278333 0.51 0.311667 0.5025 0.345 0.4975 0.353333 0.475 0.283333
11 0.425 0.0866667 0.4175 0.1 0.4125 0.12 0.4025 0.111667 0.3975 0.09 0.41 0.0666667 0.4375 0.0483333 0.44 0.0433333 0.4625 0.0266667 0.485 0.0166667 0.5125 0.00833333 0.5325 0.015 0.5475 0.0266667 0.555 0.0283333 0.5725 0.04 0.5975 0.0466667 0.6175 0.0583333 0.6225 0.0783333 0.6175 0.101667 0.6 0.116667 0.5975 0.0916667 0.59 0.06 0.5725 0.045 0.5475 0.0383333 0.52 0.035 0.48 0.0416667 0.445 0.065
