3 0.5225 0.846667 0.5225 0.875 0.5125 0.895 0.5125 0.918333 0.475 0.925 0.465 0.908333 0.45 0.936667 0.465 0.96 0.49 0.968333 0.5125 0.961667 0.4975 0.941667 0.515 0.925 0.54 0.918333 0.53 0.881667 0.5375 0.85
3 0.62 0.866667 0.595 0.908333 0.575 0.931667 0.5225 0.926667 0.5075 0.933333 0.5025 0.945 0.515 0.968333 0.5525 0.983333 0.59 0.978333 0.6025 0.943333 0.615 0.925 0.6125 0.958333 0.625 0.96 0.63 0.933333 0.655 0.9 0.6475 0.886667 0.615 0.91 0.63 0.875
0 0.385 0.405 0.405 0.363333 0.3925 0.356667 0.375 0.386667 0.3575 0.4 0.345 0.401667 0.345 0.408333 0.3575 0.41 0.3325 0.445 0.3175 0.458333 0.31 0.5 0.32 0.535 0.3425 0.546667 0.3775 0.563333 0.41 0.565 0.44 0.558333 0.455 0.55 0.4525 0.503333 0.4725 0.501667 0.49 0.478333 0.4825 0.45 0.475 0.433333 0.4575 0.433333 0.425 0.421667 0.43 0.405 0.455 0.371667 0.45 0.35 0.445 0.343333 0.4075 0.415
1 0.5775 0.411667 0.5325 0.415 0.525 0.406667 0.5075 0.41 0.48 0.411667 0.4775 0.433333 0.4875 0.433333 0.4975 0.441667 0.5175 0.446667 0.535 0.44 0.57 0.436667
4 0.55 0.233333 0.48 0.241667 0.45 0.273333 0.435 0.328333 0.4475 0.341667 0.46 0.348333 0.455 0.368333 0.4225 0.418333 0.4375 0.421667 0.4575 0.415 0.4675 0.435 0.475 0.433333 0.4875 0.381667 0.49 0.343333 0.53 0.275 0.53 0.276667 0.525 0.273333
4 0.66 0.246667 0.615 0.291667 0.5825 0.32 0.575 0.353333 0.58 0.4 0.5725 0.478333 0.5825 0.628333 0.5825 0.69 0.63 0.695 0.6725 0.683333 0.67 0.625 0.675 0.59 0.6875 0.576667 0.685 0.553333 0.695 0.54 0.695 0.508333 0.6875 0.48 0.71 0.456667 0.735 0.45 0.735 0.471667 0.7475 0.458333 0.75 0.376667 0.7475 0.32 0.7325 0.285 0.7275 0.268333 0.685 0.25
4 0.455 0.505 0.45 0.543333 0.4475 0.558333 0.4075 0.57 0.3975 0.605 0.395 0.675 0.4175 0.67 0.445 0.606667
4 0.545 0.578333 0.53 0.585 0.5 0.645 0.55 0.643333
9 0.58 0.441667 0.5325 0.441667 0.51 0.451667 0.49 0.435 0.48 0.436667 0.4775 0.498333 0.455 0.503333 0.45 0.56 0.54 0.581667 0.5475 0.57 0.5825 0.576667 0.58 0.501667
8 0.505 0.298333 0.4925 0.348333 0.48 0.415 0.505 0.408333 0.58 0.413333 0.58 0.35 0.5775 0.328333 0.5875 0.315 0.53 0.313333
