1 0.4 0.36 0.435 0.368333 0.4925 0.375 0.5225 0.381667 0.5475 0.388333 0.55 0.381667 0.5225 0.371667 0.46 0.358333 0.4075 0.355
12 0.39 0.213333 0.3775 0.231667 0.36 0.278333 0.36 0.295 0.33 0.378333 0.3125 0.401667 0.29 0.43 0.2775 0.448333 0.2625 0.43 0.275 0.39 0.295 0.371667 0.305 0.336667 0.3025 0.308333 0.31 0.278333 0.3175 0.255 0.34 0.228333 0.355 0.22 0.39 0.213333 0.6475 0.245 0.6525 0.233333 0.685 0.255 0.685 0.266667 0.6725 0.278333 0.6775 0.303333 0.6925 0.336667 0.7025 0.371667 0.705 0.39 0.6875 0.428333 0.69 0.471667 0.685 0.475 0.67 0.448333 0.6525 0.426667 0.635 0.365 0.6275 0.308333 0.6375 0.298333 0.6525 0.303333 0.6675 0.298333 0.6675 0.29 0.6525 0.27 0.6475 0.245
8 0.4 0.36 0.435 0.368333 0.495 0.373333 0.5225 0.381667 0.5475 0.39 0.5475 0.4 0.575 0.498333 0.555 0.5 0.505 0.498333 0.4425 0.495 0.3525 0.483333 0.34 0.483333 0.3725 0.45 0.3975 0.383333 0.4 0.36 0.4075 0.355 0.4 0.348333 0.43 0.253333 0.4425 0.211667 0.44 0.196667 0.47 0.203333 0.495 0.195 0.515 0.195 0.545 0.221667 0.5425 0.25 0.5475 0.278333 0.5475 0.341667 0.5475 0.38 0.5225 0.371667 0.46 0.358333 0.4075 0.355
4 0.4425 0.213333 0.43 0.253333 0.4025 0.345 0.395 0.383333 0.3725 0.45 0.33 0.495 0.325 0.515 0.33 0.543333 0.3425 0.56 0.345 0.576667 0.34 0.601667 0.355 0.633333 0.385 0.683333 0.365 0.698333 0.3525 0.68 0.34 0.64 0.325 0.606667 0.3175 0.601667 0.27 0.535 0.2675 0.511667 0.2175 0.506667 0.22 0.483333 0.2325 0.455 0.25 0.406667 0.27 0.365 0.29 0.32 0.3075 0.285 0.3 0.306667 0.3075 0.336667 0.2975 0.37 0.2775 0.386667 0.2625 0.43 0.2775 0.448333 0.29 0.428333 0.3125 0.401667 0.33 0.378333 0.36 0.293333 0.3575 0.278333 0.38 0.226667 0.405 0.226667 0.43 0.22 0.435 0.201667 0.4425 0.213333 0.545 0.223333 0.5625 0.236667 0.5825 0.241667 0.5975 0.273333 0.6 0.303333 0.63 0.308333 0.635 0.365 0.6525 0.423333 0.6875 0.475 0.69 0.47 0.6875 0.428333 0.695 0.416667 0.715 0.433333 0.7125 0.465 0.6925 0.478333 0.72 0.508333 0.6875 0.518333 0.7025 0.541667 0.7175 0.598333 0.7375 0.646667 0.7475 0.68 0.7225 0.686667 0.6875 0.693333 0.65 0.706667 0.62 0.656667 0.6025 0.663333 0.5825 0.663333 0.5775 0.643333 0.57 0.55 0.5575 0.5 0.575 0.498333 0.55 0.4 0.5475 0.38 0.5475 0.336667 0.545 0.28 0.54 0.248333 0.545 0.223333
6 0.4275 0.121667 0.4575 0.121667 0.4875 0.121667 0.5025 0.13 0.5125 0.138333 0.505 0.138333 0.4925 0.15 0.465 0.15 0.4475 0.133333 0.435 0.15 0.4125 0.151667 0.4075 0.141667 0.4025 0.13
10 0.3875 0.636667 0.355 0.633333 0.3375 0.601667 0.3475 0.576667 0.3425 0.56 0.33 0.541667 0.325 0.513333 0.3275 0.495 0.34 0.483333 0.355 0.483333 0.45 0.495 0.5075 0.498333 0.5575 0.5 0.57 0.551667 0.575 0.645 0.47 0.64 0.4225 0.636667
3 0.41 0.891667 0.4425 0.891667 0.4375 0.871667 0.4525 0.873333 0.4625 0.906667 0.4775 0.94 0.4775 0.965 0.4375 0.971667 0.4025 0.96 0.395 0.896667
3 0.705 0.896667 0.7225 0.883333 0.7225 0.866667 0.715 0.84 0.74 0.85 0.75 0.878333 0.7575 0.896667 0.7525 0.898333 0.7425 0.898333 0.7475 0.928333 0.745 0.941667 0.7175 0.955 0.68 0.963333 0.6625 0.96 0.6625 0.946667 0.675 0.925 0.67 0.893333
7 0.425 0.636667 0.42 0.68 0.4225 0.725 0.425 0.788333 0.435 0.843333 0.44 0.873333 0.4425 0.89 0.41 0.89 0.4 0.895 0.3775 0.841667 0.355 0.793333 0.3425 0.75 0.375 0.736667 0.3825 0.721667 0.365 0.696667 0.385 0.681667 0.355 0.633333 0.425 0.636667 0.4725 0.64 0.5775 0.645 0.5825 0.663333 0.5925 0.678333 0.63 0.713333 0.655 0.738333 0.695 0.816667 0.705 0.836667 0.715 0.841667 0.725 0.866667 0.7225 0.883333 0.705 0.895 0.67 0.891667 0.67 0.885 0.6475 0.833333 0.61 0.798333 0.565 0.756667 0.53 0.721667 0.5025 0.691667 0.4725 0.64
0 0.1725 0.728333 0.195 0.695 0.2075 0.683333 0.22 0.65 0.2275 0.62 0.235 0.593333 0.2425 0.568333 0.2525 0.558333 0.2625 0.566667 0.2675 0.548333 0.2825 0.553333 0.3175 0.601667 0.325 0.605 0.34 0.645 0.3625 0.695 0.3825 0.721667 0.3725 0.738333 0.3375 0.753333 0.2575 0.756667 0.23 0.753333 0.2025 0.76 0.1725 0.76 0.155 0.75
