6 0.445 0.118333 0.4925 0.108333 0.52 0.105 0.5325 0.106667 0.555 0.0966667 0.555 0.101667 0.535 0.115 0.5325 0.123333 0.5125 0.133333 0.4975 0.131667 0.4875 0.125 0.4775 0.12 0.4725 0.126667 0.4725 0.141667 0.4525 0.146667 0.435 0.146667 0.425 0.13 0.4325 0.125
12 0.5625 0.22 0.505 0.238333 0.465 0.241667 0.43 0.236667 0.4275 0.225 0.44 0.193333 0.45 0.173333 0.46 0.156667 0.465 0.156667 0.4975 0.178333 0.53 0.171667 0.5625 0.156667 0.57 0.126667 0.5825 0.111667 0.6075 0.111667 0.62 0.115 0.6325 0.131667 0.655 0.17 0.6525 0.185 0.635 0.2 0.61 0.213333 0.595 0.215
1 0.45 0.343333 0.485 0.346667 0.5 0.346667 0.495 0.333333 0.445 0.331667
4 0.43 0.205 0.4075 0.205 0.39 0.196667 0.3825 0.191667 0.39 0.175 0.4125 0.183333 0.4375 0.188333 0.44 0.195 0.43 0.205 0.4475 0.288333 0.4425 0.331667 0.495 0.331667 0.5 0.3 0.685 0.51 0.64 0.508333 0.6175 0.505 0.635 0.435 0.63 0.395 0.59 0.395 0.3625 0.521667 0.3475 0.55 0.3525 0.501667 0.3575 0.478333 0.37 0.483333 0.3625 0.521667 0.59 0.395 0.55 0.393333 0.5075 0.386667 0.4975 0.346667 0.485 0.346667 0.45 0.343333 0.46 0.381667 0.4475 0.426667 0.44 0.47 0.3975 0.48 0.3725 0.538333 0.345 0.575 0.355 0.595 0.3675 0.623333 0.3875 0.641667 0.3975 0.65 0.42 0.638333 0.4425 0.618333 0.45 0.57 0.4625 0.526667 0.475 0.503333 0.4775 0.473333 0.485 0.471667 0.4875 0.485 0.48 0.505 0.4675 0.548333 0.4775 0.585 0.4575 0.62 0.47 0.638333 0.4925 0.651667 0.52 0.636667 0.5675 0.591667 0.6025 0.556667 0.6175 0.531667 0.6475 0.53 0.68 0.535 0.685 0.51 0.5 0.3 0.5075 0.275 0.5425 0.231667 0.54 0.228333 0.505 0.238333 0.465 0.241667 0.4575 0.25 0.4475 0.288333
0 0.2525 0.545 0.25 0.591667 0.235 0.591667 0.2275 0.586667 0.23 0.541667 0.24 0.515 0.2375 0.48 0.235 0.446667 0.2375 0.393333 0.245 0.336667 0.26 0.305 0.295 0.3 0.335 0.28 0.3425 0.283333 0.32 0.3 0.36 0.298333 0.375 0.295 0.4175 0.283333 0.4275 0.293333 0.4425 0.311667 0.4425 0.33 0.45 0.343333 0.46 0.381667 0.4475 0.426667 0.44 0.468333 0.3975 0.48 0.3725 0.538333 0.345 0.576667 0.33 0.595 0.3075 0.601667 0.2925 0.591667 0.2725 0.565
4 0.4975 0.298333 0.505 0.276667 0.545 0.23 0.56 0.22 0.5925 0.215 0.61 0.213333 0.635 0.201667 0.6525 0.185 0.6875 0.186667 0.7075 0.203333 0.72 0.238333 0.7125 0.336667 0.7 0.425 0.6875 0.49 0.685 0.51 0.635 0.506667 0.62 0.505 0.635 0.436667 0.63 0.395 0.5925 0.395 0.5525 0.395 0.505 0.385 0.5 0.348333 0.495 0.331667 0.4975 0.298333 0.4475 0.288333 0.4575 0.251667 0.465 0.241667 0.43 0.236667 0.4275 0.225 0.44 0.195 0.4275 0.206667 0.4075 0.205 0.39 0.198333 0.3825 0.191667 0.38 0.198333 0.355 0.25 0.3475 0.27 0.3425 0.283333 0.34 0.298333 0.36 0.298333 0.3725 0.295 0.4175 0.285 0.4275 0.293333 0.44 0.31 0.4475 0.288333
10 0.575 0.585 0.605 0.553333 0.6175 0.531667 0.6225 0.535 0.62 0.541667 0.64 0.568333 0.6175 0.581667 0.585 0.583333 0.575 0.585 0.475 0.585 0.4675 0.548333 0.48 0.505 0.4875 0.485 0.4825 0.47 0.4775 0.473333 0.4725 0.503333 0.4625 0.526667 0.45 0.57 0.4525 0.588333 0.4675 0.588333 0.475 0.585
7 0.5075 0.761667 0.515 0.715 0.51 0.668333 0.5 0.646667 0.52 0.636667 0.5675 0.59 0.5725 0.586667 0.5825 0.583333 0.6025 0.583333 0.595 0.623333 0.59 0.655 0.6 0.698333 0.6 0.736667 0.5625 0.816667 0.5375 0.818333 0.51 0.81 0.5075 0.761667 0.4825 0.755 0.48 0.793333 0.4525 0.815 0.425 0.815 0.4125 0.791667 0.3975 0.751667 0.385 0.72 0.375 0.673333 0.37 0.643333 0.3675 0.621667 0.3875 0.64 0.3975 0.65 0.42 0.638333 0.4425 0.62 0.4475 0.586667 0.455 0.588333 0.465 0.59 0.475 0.585 0.4575 0.62 0.47 0.638333 0.4675 0.666667 0.4575 0.678333 0.4775 0.713333 0.4825 0.755
3 0.5425 0.903333 0.5375 0.931667 0.505 0.94 0.485 0.943333 0.46 0.938333 0.4475 0.931667 0.4525 0.931667 0.475 0.931667 0.48 0.928333 0.475 0.92 0.455 0.921667 0.4725 0.903333 0.48 0.875 0.4775 0.851667 0.4775 0.825 0.48 0.816667 0.4875 0.813333 0.5075 0.81 0.5375 0.816667 0.56 0.816667 0.555 0.838333 0.57 0.861667 0.565 0.886667 0.5675 0.923333 0.5525 0.923333 0.5475 0.898333
3 0.4825 0.791667 0.4925 0.796667 0.495 0.803333 0.505 0.801667 0.5075 0.81 0.4875 0.811667 0.48 0.816667 0.4775 0.825 0.4775 0.851667 0.48 0.875 0.4725 0.903333 0.4525 0.923333 0.445 0.931667 0.4325 0.933333 0.4225 0.928333 0.435 0.926667 0.4525 0.923333 0.44 0.913333 0.4225 0.916667 0.4375 0.893333 0.435 0.86 0.425 0.838333 0.415 0.815 0.42 0.811667 0.425 0.815 0.45 0.815
