6 0.3975 0.156667 0.425 0.153333 0.47 0.145 0.48 0.151667 0.4575 0.17 0.425 0.171667 0.4075 0.163333 0.3925 0.18 0.3625 0.183333
12 0.3275 0.256667 0.2925 0.333333 0.2675 0.353333 0.24 0.513333 0.255 0.601667 0.29 0.61 0.3025 0.655 0.3025 0.598333 0.3175 0.595 0.33 0.671667 0.35 0.668333 0.355 0.601667 0.3675 0.453333 0.345 0.38 0.3375 0.265
12 0.4325 0.243333 0.4325 0.311667 0.4625 0.368333 0.4975 0.361667 0.52 0.363333 0.5325 0.285 0.53 0.245 0.52 0.201667 0.495 0.181667 0.4825 0.275
12 0.47 0.423333 0.485 0.443333 0.515 0.501667 0.515 0.591667 0.5175 0.646667 0.5375 0.693333 0.555 0.706667 0.5725 0.711667 0.575 0.668333 0.5675 0.548333 0.555 0.463333 0.555 0.433333 0.525 0.4
8 0.3525 0.276667 0.3325 0.298333 0.3475 0.39 0.365 0.431667 0.37 0.455 0.4075 0.455 0.4675 0.476667 0.515 0.503333 0.4825 0.431667 0.4675 0.415 0.4475 0.373333 0.46 0.358333 0.4275 0.288333
8 0.37 0.263333 0.435 0.263333 0.435 0.286667 0.4025 0.286667 0.3625 0.276667
9 0.3675 0.455 0.3675 0.515 0.355 0.58 0.3825 0.576667 0.39 0.558333 0.39 0.541667 0.3975 0.535 0.3975 0.55 0.3975 0.563333 0.425 0.571667 0.465 0.578333 0.5225 0.573333 0.5225 0.535 0.5075 0.516667 0.5075 0.501667 0.4825 0.48 0.415 0.458333
3 0.4625 0.788333 0.455 0.823333 0.4425 0.855 0.505 0.86 0.4825 0.871667 0.4425 0.866667 0.44 0.873333 0.4525 0.873333 0.4925 0.871667 0.5125 0.863333 0.5175 0.831667 0.52 0.803333 0.5175 0.78 0.505 0.793333 0.485 0.795
3 0.3075 0.808333 0.305 0.83 0.2925 0.841667 0.295 0.845 0.28 0.861667 0.2775 0.873333 0.2875 0.881667 0.31 0.89 0.3325 0.891667 0.3525 0.883333 0.345 0.878333 0.3375 0.883333 0.3175 0.883333 0.285 0.873333 0.29 0.868333 0.3375 0.868333 0.3475 0.876667 0.3525 0.866667 0.355 0.841667 0.3625 0.823333 0.355 0.815 0.35 0.801667 0.345 0.805
0 0.2575 0.38 0.2175 0.47 0.2 0.488333 0.165 0.508333 0.1425 0.518333 0.115 0.538333 0.13 0.566667 0.1275 0.576667 0.1475 0.571667 0.1475 0.585 0.1625 0.6 0.195 0.611667 0.215 0.606667 0.2375 0.606667 0.2625 0.595 0.2525 0.58 0.25 0.533333 0.2325 0.495 0.2425 0.48
