6 0.4125 0.193333 0.4275 0.186667 0.4625 0.19 0.4825 0.198333 0.51 0.188333 0.535 0.185 0.545 0.2 0.5375 0.21 0.5175 0.221667 0.49 0.211667 0.4875 0.203333 0.48 0.203333 0.4725 0.216667 0.46 0.22 0.4325 0.218333 0.425 0.203333 0.4175 0.195
12 0.42 0.295 0.4575 0.28 0.48 0.29 0.495 0.29 0.505 0.286667 0.5175 0.278333 0.545 0.288333 0.535 0.298333 0.5675 0.311667 0.59 0.326667 0.5975 0.351667 0.59 0.375 0.585 0.391667 0.5625 0.426667 0.5525 0.441667 0.5425 0.435 0.5275 0.426667 0.5175 0.421667 0.51 0.373333 0.485 0.358333 0.4675 0.331667 0.46 0.305 0.445 0.303333 0.4325 0.305
8 0.6325 0.488333 0.6325 0.463333 0.6225 0.448333 0.62 0.42 0.615 0.403333 0.615 0.391667 0.625 0.366667 0.625 0.348333 0.615 0.345 0.62 0.338333 0.615 0.331667 0.6075 0.315 0.5975 0.311667 0.56 0.281667 0.56 0.275 0.5475 0.278333 0.535 0.28 0.5175 0.265 0.5075 0.275 0.505 0.28 0.4925 0.283333 0.495 0.288333 0.48 0.29 0.4575 0.28 0.4425 0.266667 0.4275 0.24 0.415 0.255 0.4125 0.29 0.4 0.293333 0.3875 0.351667 0.3875 0.378333 0.405 0.423333 0.4125 0.443333 0.41 0.485 0.435 0.486667 0.47 0.495 0.5275 0.496667 0.5875 0.495 0.6175 0.49 0.625 0.488333 0.6325 0.488333 0.645 0.503333 0.65 0.496667 0.675 0.491667 0.6925 0.5 0.6925 0.515 0.6825 0.535 0.6675 0.538333 0.6625 0.536667 0.675 0.531667 0.6775 0.526667 0.665 0.52 0.3675 0.51 0.3575 0.503333 0.3425 0.503333 0.32 0.515 0.3075 0.528333 0.32 0.541667 0.335 0.543333 0.325 0.528333 0.34 0.516667 0.3575 0.511667 0.3675 0.513333 0.3675 0.51 0.665 0.52 0.64 0.51 0.645 0.503333
1 0.4275 0.493333 0.475 0.498333 0.52 0.503333 0.53 0.5 0.555 0.5 0.565 0.5 0.61 0.495 0.615 0.5 0.615 0.511667 0.5925 0.516667 0.56 0.521667 0.55 0.526667 0.53 0.526667 0.52 0.523333 0.49 0.521667 0.45 0.515 0.415 0.51 0.4125 0.498333 0.42 0.491667
0 0.3575 0.57 0.325 0.681667 0.3175 0.691667 0.335 0.691667 0.355 0.701667 0.37 0.7 0.3875 0.71 0.3925 0.72 0.4075 0.733333 0.385 0.586667 0.3775 0.526667 0.3675 0.515 0.3925 0.513333 0.4 0.57 0.4025 0.586667 0.4075 0.59 0.41 0.6 0.4025 0.606667 0.425 0.73 0.4275 0.738333 0.4275 0.758333 0.4175 0.835 0.4125 0.851667 0.3975 0.855 0.3675 0.853333 0.285 0.81 0.285 0.791667 0.2875 0.78 0.2975 0.718333 0.305 0.691667 0.3075 0.681667 0.3325 0.606667 0.345 0.556667
9 0.405 0.62 0.4475 0.62 0.4775 0.618333 0.5075 0.613333 0.5075 0.616667 0.5175 0.615 0.5425 0.618333 0.6025 0.626667 0.6325 0.625 0.6375 0.621667 0.635 0.598333 0.635 0.585 0.64 0.581667 0.6375 0.57 0.6325 0.561667 0.6325 0.555 0.6375 0.548333 0.6275 0.545 0.615 0.531667 0.6125 0.52 0.6275 0.511667 0.6225 0.5 0.615 0.49 0.5875 0.495 0.5275 0.496667 0.47 0.495 0.435 0.486667 0.41 0.485 0.41 0.488333 0.405 0.498333 0.4 0.506667 0.4 0.51 0.395 0.513333 0.395 0.521667 0.4175 0.523333 0.42 0.531667 0.41 0.535 0.4025 0.535 0.42 0.56 0.415 0.566667 0.4025 0.571667 0.4025 0.585 0.4075 0.59 0.4075 0.6 0.4025 0.606667 0.405 0.62 0.39 0.618333 0.385 0.586667 0.3825 0.573333 0.375 0.571667 0.3775 0.596667 0.375 0.616667 0.39 0.618333
2 0.43 0.765 0.4575 0.758333 0.475 0.748333 0.48 0.773333 0.5025 0.883333 0.5025 0.903333 0.5075 0.9 0.5125 0.918333 0.5125 0.925 0.5275 0.951667 0.5425 0.963333 0.55 0.973333 0.5575 0.983333 0.55 0.99 0.52 0.993333 0.4775 0.981667 0.465 0.973333 0.46 0.953333 0.4525 0.95 0.4475 0.93 0.435 0.92 0.44 0.908333 0.445 0.91 0.445 0.9 0.4475 0.893333 0.43 0.881667 0.43 0.865 0.4125 0.851667 0.4175 0.835 0.4275 0.766667
2 0.53 0.741667 0.5075 0.751667 0.48 0.775 0.5025 0.883333 0.515 0.871667 0.515 0.856667 0.5375 0.851667 0.6075 0.791667 0.6175 0.781667 0.61 0.771667 0.5975 0.79 0.57 0.788333 0.5425 0.78 0.53 0.768333 0.5275 0.755 0.535 0.753333
4 0.6925 0.515 0.6925 0.5 0.675 0.491667 0.65 0.496667 0.645 0.503333 0.6275 0.511667 0.6225 0.5 0.615 0.49 0.625 0.488333 0.6325 0.486667 0.6325 0.465 0.6225 0.446667 0.62 0.418333 0.615 0.405 0.615 0.391667 0.625 0.365 0.625 0.346667 0.615 0.345 0.62 0.338333 0.615 0.331667 0.6075 0.315 0.5975 0.311667 0.56 0.281667 0.5625 0.273333 0.57 0.266667 0.57 0.26 0.6 0.266667 0.6225 0.278333 0.635 0.29 0.6525 0.338333 0.6625 0.38 0.675 0.415 0.69 0.47 0.7 0.5 0.6925 0.515 0.6625 0.536667 0.67 0.638333 0.6425 0.645 0.6325 0.646667 0.63 0.626667 0.6375 0.621667 0.635 0.598333 0.635 0.585 0.64 0.581667 0.6375 0.57 0.6325 0.561667 0.6325 0.553333 0.405 0.498333 0.4 0.505 0.4 0.51 0.395 0.513333 0.395 0.521667 0.39 0.513333 0.3775 0.513333 0.3675 0.513333 0.3675 0.508333 0.3575 0.503333 0.3425 0.503333 0.32 0.515 0.3225 0.543333 0.3225 0.576667 0.3275 0.586667 0.335 0.59 0.35 0.598333 0.3575 0.57 0.375 0.575 0.3775 0.603333 0.375 0.656667 0.375 0.67 0.3625 0.678333 0.3475 0.68 0.3375 0.68 0.335 0.66 0.34 0.625 0.35 0.598333 0.335 0.59 0.345 0.556667 0.335 0.543333 0.325 0.541667 0.3225 0.543333 0.32 0.515 0.3075 0.526667 0.315 0.538333 0.305 0.533333 0.3 0.521667 0.2775 0.486667 0.2575 0.456667 0.2575 0.43 0.275 0.385 0.2975 0.318333 0.3175 0.3 0.3275 0.29 0.36 0.276667 0.37 0.285 0.385 0.29 0.4025 0.29 0.4 0.293333 0.3875 0.351667 0.3875 0.378333 0.405 0.423333 0.4125 0.443333 0.41 0.483333 0.41 0.488333 0.405 0.498333 0.6325 0.553333 0.6375 0.548333 0.64 0.543333 0.6625 0.536667
2 0.3875 0.855 0.3725 0.86 0.3825 0.881667 0.4075 0.88 0.4 0.903333 0.3875 0.913333 0.405 0.938333 0.425 0.955 0.4475 0.956667 0.4525 0.95 0.4475 0.93 0.435 0.92 0.44 0.908333 0.445 0.91 0.445 0.9 0.4475 0.893333 0.43 0.881667 0.43 0.865 0.4125 0.851667 0.395 0.855
