1 0.4625 0.47 0.52 0.47 0.5775 0.453333 0.6075 0.441667 0.6175 0.431667 0.6175 0.416667 0.605 0.42 0.5975 0.435 0.545 0.446667 0.48 0.453333 0.4175 0.455 0.3825 0.453333 0.3825 0.466667
0 0.2875 0.361667 0.2625 0.425 0.255 0.455 0.195 0.465 0.1825 0.473333 0.195 0.49 0.18 0.513333 0.165 0.531667 0.17 0.561667 0.2075 0.591667 0.2975 0.611667 0.355 0.611667 0.3875 0.608333 0.4375 0.586667 0.4775 0.561667 0.4925 0.523333 0.48 0.503333 0.4625 0.481667 0.4625 0.466667 0.3875 0.465 0.38 0.446667 0.3875 0.416667 0.39 0.371667 0.3625 0.383333 0.3575 0.456667 0.345 0.466667 0.295 0.461667 0.3 0.433333 0.2925 0.395 0.305 0.368333 0.3325 0.341667 0.335 0.336667 0.3325 0.343333
9 0.5975 0.438333 0.5425 0.445 0.4725 0.453333 0.415 0.453333 0.3775 0.453333 0.3875 0.441667 0.47 0.438333 0.555 0.426667 0.6075 0.415 0.5975 0.438333 0.6075 0.441667 0.6275 0.44 0.6375 0.473333 0.6475 0.508333 0.6525 0.528333 0.6025 0.55 0.5875 0.521667 0.58 0.528333 0.53 0.528333 0.52 0.536667 0.485 0.54 0.4925 0.523333 0.4825 0.505 0.465 0.478333 0.46 0.466667 0.5175 0.468333 0.58 0.451667 0.6075 0.441667
7 0.6275 0.541667 0.5875 0.655 0.59 0.721667 0.565 0.796667 0.5425 0.85 0.4975 0.855 0.5 0.845 0.505 0.821667 0.505 0.746667 0.48 0.793333 0.47 0.811667 0.4675 0.825 0.455 0.826667 0.44 0.826667 0.4175 0.818333 0.4175 0.806667 0.4225 0.786667 0.4275 0.733333 0.4475 0.706667 0.465 0.681667 0.43 0.631667 0.41 0.6 0.43 0.59 0.475 0.563333 0.4825 0.541667 0.52 0.536667 0.5325 0.526667 0.5775 0.526667 0.5875 0.523333 0.605 0.55
3 0.4675 0.828333 0.4675 0.831667 0.48 0.84 0.48 0.845 0.465 0.85 0.4675 0.881667 0.4675 0.896667 0.4575 0.911667 0.4375 0.915 0.41 0.908333 0.415 0.903333 0.4425 0.903333 0.4575 0.903333 0.455 0.896667 0.435 0.895 0.4225 0.895 0.4125 0.903333 0.4075 0.903333 0.4 0.893333 0.395 0.871667 0.405 0.851667 0.3925 0.845 0.405 0.835 0.4 0.825 0.4125 0.818333 0.4375 0.826667 0.455 0.825
3 0.4675 0.828333 0.4675 0.831667 0.48 0.84 0.48 0.845 0.465 0.85 0.4675 0.881667 0.4675 0.896667 0.4575 0.911667 0.4375 0.915 0.41 0.908333 0.415 0.903333 0.4425 0.903333 0.4575 0.903333 0.455 0.896667 0.435 0.895 0.4225 0.895 0.4125 0.903333 0.4075 0.903333 0.4 0.893333 0.395 0.871667 0.405 0.851667 0.3925 0.845 0.405 0.835 0.4 0.825 0.4125 0.818333 0.4375 0.826667 0.455 0.825
4 0.55 0.216667 0.5725 0.26 0.5775 0.305 0.5875 0.338333 0.6225 0.416667 0.64 0.471667 0.6475 0.503333 0.675 0.498333 0.675 0.476667 0.65 0.403333 0.61 0.343333 0.6025 0.286667 0.59 0.235 0.565 0.196667 0.5475 0.191667 0.5325 0.183333 0.55 0.216667 0.41 0.238333 0.405 0.323333 0.38 0.328333 0.375 0.336667 0.3475 0.343333 0.3625 0.38 0.3825 0.371667 0.4 0.368333 0.4 0.4 0.3875 0.423333 0.3875 0.415 0.3825 0.371667 0.3625 0.38 0.3375 0.391667 0.325 0.401667 0.36 0.421667 0.3625 0.38 0.3475 0.343333 0.355 0.311667 0.36 0.236667 0.3725 0.198333 0.41 0.238333
8 0.46 0.341667 0.4825 0.345 0.5075 0.351667 0.5325 0.356667 0.545 0.348333 0.555 0.331667 0.5475 0.306667 0.52 0.305 0.5025 0.258333 0.505 0.248333 0.5225 0.215 0.53 0.18 0.5425 0.188333 0.55 0.213333 0.5725 0.261667 0.58 0.303333 0.5875 0.338333 0.6175 0.411667 0.6075 0.413333 0.555 0.428333 0.4675 0.438333 0.385 0.441667 0.3875 0.42 0.4 0.401667 0.4 0.366667 0.42 0.363333 0.4325 0.368333 0.4325 0.373333 0.4425 0.388333 0.4475 0.376667 0.4475 0.365 0.4475 0.348333 0.46 0.341667 0.4375 0.315 0.4675 0.306667 0.6025 0.285 0.59 0.233333 0.5675 0.195 0.375 0.196667 0.365 0.193333 0.3275 0.203333 0.285 0.223333 0.305 0.233333 0.3375 0.273333 0.3575 0.308333 0.36 0.233333 0.375 0.196667 0.5675 0.195 0.5725 0.198333 0.6075 0.203333 0.6475 0.228333 0.6025 0.285 0.4675 0.306667 0.44 0.26 0.415 0.25 0.41 0.248333 0.4025 0.316667 0.4375 0.315
11 0.4025 0.145 0.4275 0.126667 0.4725 0.103333 0.5 0.095 0.5275 0.0883333 0.56 0.0883333 0.5775 0.0883333 0.5775 0.103333 0.5725 0.13 0.5975 0.126667 0.63 0.101667 0.6025 0.0833333 0.585 0.075 0.5625 0.0433333 0.5225 0.0266667 0.46 0.0316667 0.4125 0.0583333 0.4075 0.08 0.4075 0.113333 0.3875 0.145
3 0.545 0.855 0.5475 0.855 0.56 0.855 0.5625 0.86 0.5475 0.861667 0.5625 0.886667 0.5725 0.911667 0.57 0.923333 0.5575 0.938333 0.5225 0.94 0.52 0.936667 0.53 0.933333 0.545 0.93 0.56 0.923333 0.5425 0.92 0.5275 0.92 0.52 0.93 0.5175 0.938333 0.5 0.921667 0.4925 0.883333 0.48 0.883333 0.4725 0.866667 0.4925 0.851667 0.5 0.853333 0.54 0.85 0.545 0.855 0.545 0.855 0.5475 0.855 0.56 0.855 0.5625 0.86 0.5475 0.861667 0.5625 0.886667 0.5725 0.911667 0.57 0.923333 0.5575 0.938333 0.5225 0.94 0.52 0.936667 0.53 0.933333 0.545 0.93 0.56 0.923333 0.5425 0.92 0.5275 0.92 0.52 0.93 0.5175 0.938333 0.5 0.921667 0.4925 0.883333 0.48 0.883333 0.4725 0.866667 0.4925 0.851667 0.5 0.853333 0.54 0.85 0.545 0.855
