7 0.4175 0.52 0.575 0.52 0.6325 0.52 0.6575 0.568333 0.6725 0.615 0.67 0.701667 0.6975 0.791667 0.6975 0.89 0.63 0.898333 0.62 0.853333 0.59 0.791667 0.6 0.768333 0.585 0.751667 0.55 0.658333 0.5025 0.598333 0.465 0.68 0.45 0.766667 0.435 0.853333 0.4375 0.885 0.4075 0.893333 0.355 0.89 0.3525 0.865 0.355 0.818333 0.35 0.736667 0.36 0.665 0.3475 0.57 0.3525 0.515 0.37 0.49 0.3775 0.491667 0.385 0.573333 0.375 0.641667 0.41 0.655 0.4225 0.648333 0.4175 0.583333
3 0.6275 0.896667 0.6275 0.911667 0.645 0.926667 0.645 0.953333 0.67 0.975 0.7 0.975 0.73 0.965 0.7375 0.941667 0.7225 0.92 0.695 0.891667
3 0.36 0.891667 0.305 0.931667 0.2825 0.953333 0.305 0.968333 0.35 0.966667 0.385 0.951667 0.3925 0.925 0.4225 0.918333 0.435 0.91 0.44 0.89 0.385 0.895
1 0.4125 0.495 0.42 0.513333 0.505 0.515 0.59 0.516667 0.625 0.521667 0.6225 0.508333 0.5775 0.491667 0.47 0.495
12 0.41 0.163333 0.38 0.22 0.37 0.373333 0.3825 0.521667 0.375 0.638333 0.41 0.661667 0.4175 0.651667 0.4175 0.511667 0.4175 0.4 0.41 0.286667 0.42 0.22 0.41 0.191667 0.4325 0.165
12 0.5175 0.191667 0.5175 0.321667 0.5325 0.411667 0.525 0.461667 0.5425 0.471667 0.6125 0.473333 0.62 0.448333 0.6 0.385 0.5875 0.308333 0.5575 0.188333
8 0.435 0.195 0.445 0.225 0.4825 0.27 0.4775 0.285 0.4925 0.31 0.515 0.275 0.52 0.188333 0.4775 0.191667
8 0.3675 0.43 0.34 0.486667 0.355 0.508333 0.3775 0.49
8 0.685 0.215 0.675 0.271667 0.69 0.331667 0.6825 0.355 0.7125 0.373333 0.7125 0.39 0.73 0.366667 0.75 0.348333 0.7225 0.29
8 0.43 0.173333 0.4075 0.19 0.4175 0.216667 0.4125 0.295 0.415 0.393333 0.41 0.475 0.415 0.496667 0.5325 0.49 0.5825 0.485 0.6125 0.5 0.6375 0.498333 0.625 0.461667 0.6075 0.473333 0.5375 0.473333 0.525 0.461667 0.535 0.416667 0.515 0.281667 0.4875 0.303333 0.4775 0.28 0.4725 0.258333 0.435 0.203333
4 0.565 0.165 0.5725 0.253333 0.6025 0.38 0.625 0.48 0.65 0.556667 0.6875 0.55 0.685 0.53 0.7025 0.505 0.68 0.426667 0.6675 0.4 0.6325 0.393333 0.6175 0.366667 0.625 0.35 0.6525 0.333333 0.6825 0.338333 0.6725 0.283333 0.685 0.206667 0.67 0.178333 0.62 0.171667
4 0.41 0.16 0.3625 0.193333 0.305 0.206667 0.2925 0.246667 0.305 0.256667 0.2825 0.328333 0.29 0.373333 0.32 0.38 0.31 0.428333 0.2825 0.423333 0.275 0.478333 0.295 0.533333 0.3025 0.556667 0.3475 0.533333 0.3525 0.505 0.3475 0.478333 0.37 0.425 0.3725 0.378333 0.3775 0.328333 0.3625 0.32 0.37 0.231667 0.415 0.18 0.445 0.165 0.4225 0.168333
