8 0.385 0.44 0.4025 0.398333 0.41 0.37 0.42 0.325 0.43 0.306667 0.44 0.33 0.465 0.343333 0.51 0.325 0.545 0.306667 0.5475 0.271667 0.565 0.258333 0.5625 0.321667 0.5825 0.368333 0.57 0.4 0.5875 0.42 0.6075 0.433333 0.605 0.451667 0.5925 0.46 0.5675 0.448333 0.5475 0.446667 0.4975 0.46 0.445 0.456667 0.4025 0.448333
10 0.38 0.485 0.3825 0.443333 0.4325 0.456667 0.4775 0.456667 0.495 0.456667 0.55 0.445 0.575 0.451667 0.595 0.465 0.58 0.486667 0.55 0.481667 0.5075 0.49 0.495 0.501667 0.4775 0.501667 0.4525 0.506667 0.415 0.5 0.3775 0.49
12 0.455 0.305 0.48 0.315 0.505 0.31 0.53 0.285 0.535 0.245 0.555 0.233333 0.56 0.256667 0.5525 0.27 0.545 0.308333 0.51 0.326667 0.4625 0.346667 0.4375 0.326667 0.4275 0.303333
11 0.445 0.123333 0.495 0.123333 0.5325 0.153333 0.565 0.193333 0.5575 0.228333 0.5325 0.238333 0.5125 0.223333 0.5175 0.186667 0.505 0.158333 0.47 0.136667 0.4325 0.128333
0 0.1025 0.57 0.125 0.55 0.1375 0.531667 0.17 0.516667 0.195 0.491667 0.2175 0.488333 0.2375 0.471667 0.26 0.473333 0.2975 0.453333 0.32 0.45 0.3275 0.458333 0.325 0.468333 0.3 0.468333 0.285 0.483333 0.3075 0.488333 0.33 0.488333 0.33 0.468333 0.35 0.453333 0.38 0.486667 0.38 0.506667 0.39 0.525 0.365 0.545 0.3625 0.566667 0.3675 0.585 0.3475 0.595 0.27 0.59 0.2 0.581667 0.1775 0.568333 0.1725 0.555 0.14 0.57 0.115 0.581667
3 0.4625 0.658333 0.4825 0.656667 0.4925 0.635 0.505 0.671667 0.485 0.706667 0.48 0.72 0.4675 0.723333 0.455 0.715 0.455 0.696667 0.46 0.676667
3 0.4625 0.658333 0.4825 0.656667 0.4925 0.635 0.505 0.671667 0.485 0.706667 0.48 0.72 0.4675 0.723333 0.455 0.715 0.455 0.696667 0.46 0.676667
7 0.48 0.633333 0.4925 0.661667 0.4675 0.663333 0.465 0.653333 0.44 0.63 0.405 0.598333 0.3975 0.57 0.3975 0.531667 0.3775 0.503333 0.3775 0.486667 0.3975 0.498333 0.455 0.506667 0.465 0.508333 0.455 0.565 0.46 0.581667 0.4725 0.595 0.48 0.633333 0.48 0.63 0.49 0.603333 0.4975 0.585 0.485 0.56 0.49 0.533333 0.4975 0.501667 0.51 0.486667 0.56 0.483333 0.5825 0.488333 0.555 0.535 0.5475 0.56 0.5575 0.593333 0.55 0.626667 0.5325 0.68 0.5275 0.701667 0.5025 0.708333 0.4925 0.695 0.5 0.673333 0.4975 0.655 0.48 0.63
4 0.43 0.311667 0.4 0.393333 0.38 0.46 0.3825 0.491667 0.3725 0.505 0.36 0.475 0.3625 0.446667 0.35 0.448333 0.32 0.433333 0.3125 0.426667 0.335 0.42 0.34 0.398333 0.35 0.351667 0.36 0.331667 0.3725 0.281667 0.4025 0.271667 0.43 0.285 0.43 0.311667 0.6075 0.34 0.63 0.331667 0.635 0.315 0.6725 0.29 0.6625 0.275 0.635 0.223333 0.6225 0.221667 0.635 0.338333 0.675 0.315 0.69 0.308333 0.69 0.325 0.69 0.335 0.68 0.355 0.6675 0.345 0.6575 0.343333 0.6325 0.343333 0.6075 0.395 0.6325 0.415 0.6525 0.423333 0.6825 0.431667 0.7075 0.43 0.7275 0.408333 0.735 0.406667 0.7425 0.42 0.735 0.44 0.7375 0.458333 0.68 0.46 0.6325 0.465 0.5975 0.47 0.585 0.456667 0.6075 0.45 0.61 0.431667 0.585 0.418333 0.6025 0.408333 0.6075 0.395 0.6325 0.343333 0.635 0.338333 0.6225 0.221667 0.6 0.208333 0.58 0.228333 0.56 0.228333 0.5625 0.256667 0.565 0.318333 0.585 0.365 0.57 0.4 0.5825 0.418333 0.5875 0.373333 0.6075 0.34
3 0.475 0.775 0.4725 0.758333 0.4825 0.711667 0.49 0.698333 0.51 0.705 0.5325 0.696667 0.525 0.726667 0.5325 0.755 0.52 0.778333 0.4925 0.79 0.4675 0.778333 0.475 0.775 0.475 0.775 0.4725 0.758333 0.4825 0.711667 0.49 0.698333 0.51 0.705 0.5325 0.696667 0.525 0.726667 0.5325 0.755 0.52 0.778333 0.4925 0.79 0.4675 0.778333 0.475 0.775
