8 0.4575 0.231667 0.4625 0.3 0.4775 0.3 0.5175 0.255 0.5425 0.178333 0.5075 0.198333 0.48 0.193333 0.4975 0.24
8 0.43 0.461667 0.525 0.446667 0.535 0.471667 0.475 0.483333 0.4375 0.486667
8 0.615 0.296667 0.6125 0.306667 0.58 0.305 0.575 0.335 0.605 0.358333 0.6225 0.363333 0.6475 0.346667 0.65 0.328333 0.6225 0.29
8 0.3325 0.283333 0.3425 0.308333 0.3575 0.335 0.37 0.32 0.36 0.301667 0.3725 0.288333
4 0.425 0.198333 0.4075 0.218333 0.405 0.251667 0.4325 0.28 0.4375 0.311667 0.445 0.318333 0.4375 0.385 0.4375 0.46 0.5225 0.446667 0.505 0.388333 0.5 0.345 0.51 0.315 0.5175 0.296667 0.565 0.25 0.59 0.211667 0.6025 0.185 0.585 0.161667 0.5625 0.135 0.545 0.155 0.535 0.18 0.54 0.178333 0.515 0.258333 0.475 0.301667 0.465 0.3 0.4575 0.238333 0.445 0.218333
7 0.4425 0.491667 0.4375 0.521667 0.4475 0.531667 0.4475 0.585 0.415 0.585 0.3975 0.598333 0.3975 0.626667 0.4175 0.678333 0.46 0.673333 0.5125 0.665 0.5625 0.67 0.5625 0.62 0.5725 0.58 0.5725 0.566667 0.5575 0.55 0.5225 0.55 0.5075 0.53 0.505 0.513333 0.52 0.506667 0.5325 0.488333 0.5325 0.473333 0.445 0.486667
0 0.6 0.366667 0.57 0.395 0.5675 0.411667 0.5775 0.43 0.5625 0.43 0.5775 0.473333 0.5775 0.505 0.5675 0.515 0.5725 0.54 0.6225 0.545 0.7075 0.53 0.7425 0.521667 0.75 0.551667 0.7525 0.603333 0.76 0.593333 0.755 0.518333 0.7625 0.515 0.7575 0.508333 0.7475 0.498333 0.7425 0.468333 0.7575 0.46 0.7525 0.431667 0.735 0.398333 0.68 0.388333 0.6525 0.355 0.65 0.386667 0.61 0.383333
2 0.405 0.686667 0.445 0.768333 0.495 0.865 0.5375 0.906667 0.545 0.923333 0.545 0.943333 0.56 0.95 0.5975 0.935 0.6175 0.92 0.6 0.898333 0.615 0.91 0.625 0.901667 0.595 0.871667 0.58 0.85 0.55 0.828333 0.545 0.786667 0.525 0.733333 0.5025 0.665
2 0.5025 0.663333 0.5175 0.705 0.535 0.751667 0.55 0.731667 0.575 0.668333 0.555 0.668333
2 0.4475 0.766667 0.4275 0.813333 0.425 0.853333 0.405 0.876667 0.3925 0.895 0.38 0.908333 0.3825 0.923333 0.395 0.928333 0.4425 0.926667 0.46 0.916667 0.475 0.893333 0.495 0.856667 0.4725 0.826667
4 0.4 0.155 0.355 0.166667 0.305 0.208333 0.2775 0.24 0.275 0.273333 0.285 0.32 0.295 0.335 0.295 0.355 0.265 0.451667 0.2475 0.525 0.235 0.558333 0.24 0.585 0.2275 0.615 0.2225 0.635 0.2225 0.638333 0.2325 0.631667 0.2425 0.62 0.2525 0.575 0.27 0.613333 0.28 0.606667 0.2775 0.568333 0.285 0.571667 0.295 0.601667 0.3075 0.645 0.3125 0.643333 0.3125 0.601667 0.32 0.641667 0.355 0.633333 0.36 0.611667 0.375 0.635 0.3925 0.625 0.3975 0.583333 0.4025 0.568333 0.425 0.581667 0.4425 0.58 0.4525 0.538333 0.4375 0.516667 0.44 0.401667 0.4475 0.32 0.4325 0.298333 0.4275 0.271667 0.4075 0.255 0.395 0.253333 0.3825 0.281667 0.36 0.308333 0.3675 0.328333 0.3575 0.338333 0.33 0.283333 0.315 0.276667 0.3175 0.26 0.3525 0.21 0.3625 0.181667 0.405 0.168333
4 0.57 0.578333 0.565 0.605 0.5625 0.646667 0.57 0.658333 0.585 0.615 0.59 0.596667
0 0.58 0.553333 0.5625 0.553333 0.575 0.571667 0.6025 0.608333 0.6225 0.611667
4 0.595 0.173333 0.6025 0.186667 0.58 0.236667 0.5225 0.296667 0.505 0.335 0.5 0.375 0.5325 0.468333 0.5325 0.505 0.51 0.513333 0.5 0.513333 0.5075 0.536667 0.54 0.555 0.5825 0.545 0.57 0.525 0.5775 0.491667 0.575 0.461667 0.555 0.443333 0.5675 0.398333 0.59 0.376667 0.59 0.348333 0.5775 0.32 0.575 0.293333 0.585 0.275 0.59 0.248333 0.6125 0.246667 0.6225 0.24 0.64 0.266667 0.635 0.286667 0.625 0.293333 0.655 0.345 0.67 0.365 0.6825 0.386667 0.715 0.4 0.7375 0.368333 0.7375 0.315 0.6925 0.253333 0.6625 0.206667 0.6225 0.178333
4 0.605 0.358333 0.61 0.386667 0.65 0.383333 0.645 0.356667
4 0.5775 0.551667 0.6025 0.59 0.6275 0.573333 0.6275 0.561667 0.6225 0.543333 0.595 0.545
