1 0.1975 0.378333 0.255 0.378333 0.33 0.376667 0.365 0.366667 0.41 0.355 0.42 0.371667 0.4275 0.388333 0.4175 0.403333 0.3925 0.406667 0.3325 0.411667 0.2075 0.406667
12 0.2275 0.178333 0.22 0.188333 0.235 0.223333 0.2275 0.24 0.185 0.27 0.1725 0.325 0.18 0.35 0.2175 0.36 0.2375 0.37 0.25 0.363333 0.2475 0.335 0.2575 0.315 0.285 0.321667 0.3025 0.331667 0.3225 0.346667 0.3425 0.341667 0.3475 0.32 0.37 0.311667 0.37 0.296667 0.345 0.256667 0.3275 0.241667 0.3325 0.223333 0.3425 0.216667 0.335 0.185 0.31 0.19 0.2775 0.206667 0.255 0.203333
0 0.4325 0.351667 0.43 0.383333 0.455 0.443333 0.455 0.465 0.4375 0.498333 0.455 0.521667 0.45 0.57 0.4525 0.596667 0.48 0.62 0.5175 0.625 0.58 0.61 0.6025 0.595 0.62 0.568333 0.6375 0.541667 0.635 0.526667 0.5825 0.473333 0.54 0.436667 0.52 0.4 0.4975 0.373333 0.49 0.386667 0.5225 0.438333 0.5025 0.44 0.4825 0.413333 0.4775 0.438333 0.4525 0.388333
7 0.355 0.645 0.2525 0.645 0.27 0.691667 0.275 0.713333 0.27 0.726667 0.28 0.783333 0.2825 0.816667 0.2925 0.841667 0.2925 0.865 0.3175 0.876667 0.36 0.871667 0.355 0.845 0.365 0.805 0.3575 0.775 0.355 0.743333 0.35 0.721667 0.3575 0.693333 0.355 0.665 0.355 0.645 0.365 0.641667 0.365 0.683333 0.3775 0.716667 0.385 0.735 0.3825 0.815 0.375 0.848333 0.3675 0.86 0.3725 0.87 0.405 0.873333 0.45 0.866667 0.45 0.841667 0.4625 0.773333 0.4675 0.721667 0.4625 0.686667 0.4575 0.678333 0.4575 0.626667 0.415 0.638333 0.4125 0.641667 0.365 0.641667
3 0.27 0.921667 0.26 0.931667 0.265 0.941667 0.275 0.946667 0.305 0.945 0.325 0.935 0.345 0.918333 0.36 0.903333 0.3575 0.885 0.35 0.9 0.3375 0.915 0.3275 0.923333 0.3 0.925
3 0.27 0.921667 0.26 0.931667 0.265 0.941667 0.275 0.946667 0.305 0.945 0.325 0.935 0.345 0.918333 0.36 0.903333 0.3575 0.885 0.35 0.9 0.3375 0.915 0.3275 0.923333 0.3 0.925
6 0.5375 0.248333 0.535 0.228333 0.5375 0.21 0.555 0.17 0.5525 0.16 0.545 0.155 0.55 0.165 0.53 0.213333 0.5275 0.216667 0.5025 0.211667 0.5 0.22 0.5075 0.23 0.5175 0.238333 0.5275 0.251667 0.54 0.263333 0.5375 0.248333 0.555 0.241667 0.56 0.24 0.5675 0.226667 0.5725 0.205 0.5625 0.185 0.56 0.188333 0.5675 0.2 0.5675 0.213333 0.555 0.241667
8 0.2175 0.19 0.2 0.215 0.2075 0.235 0.2175 0.25 0.2275 0.236667 0.24 0.23 0.2225 0.211667
4 0.2175 0.178333 0.1925 0.198333 0.165 0.2 0.145 0.201667 0.1375 0.211667 0.155 0.215 0.13 0.226667 0.12 0.251667 0.12 0.316667 0.1225 0.351667 0.115 0.368333 0.1175 0.385 0.1075 0.39 0.1 0.415 0.0825 0.455 0.085 0.49 0.085 0.506667 0.1075 0.51 0.135 0.511667 0.145 0.49 0.1675 0.448333 0.1825 0.395 0.185 0.348333 0.1725 0.303333 0.2025 0.261667 0.2075 0.238333 0.1975 0.218333 0.21 0.195
4 0.355 0.183333 0.3375 0.186667 0.3425 0.21 0.3425 0.22 0.325 0.243333 0.3425 0.256667 0.3625 0.283333 0.3725 0.303333 0.345 0.331667 0.3425 0.345 0.325 0.346667 0.2925 0.328333 0.2775 0.306667 0.26 0.308333 0.2525 0.345 0.25 0.368333 0.2375 0.371667 0.2025 0.355 0.19 0.353333 0.2 0.376667 0.275 0.375 0.335 0.371667 0.38 0.365 0.4125 0.348333 0.425 0.343333 0.4325 0.343333 0.44 0.37 0.4625 0.398333 0.4875 0.383333 0.5025 0.361667 0.5125 0.336667 0.4875 0.345 0.4675 0.331667 0.465 0.31 0.46 0.32 0.45 0.28 0.44 0.245 0.4275 0.22 0.4175 0.208333 0.3775 0.2
4 0.2075 0.411667 0.2 0.495 0.2 0.596667 0.2 0.633333 0.275 0.643333 0.375 0.643333 0.415 0.641667 0.42 0.635 0.4675 0.618333 0.4625 0.603333 0.4525 0.588333 0.455 0.538333 0.44 0.495 0.46 0.465 0.44 0.405 0.375 0.408333
3 0.3325 0.931667 0.3225 0.943333 0.32 0.955 0.325 0.958333 0.35 0.96 0.3875 0.953333 0.4075 0.943333 0.4175 0.928333 0.4375 0.906667 0.44 0.893333 0.43 0.88 0.425 0.89 0.415 0.915 0.405 0.931667 0.39 0.94 0.365 0.94 0.3525 0.938333 0.3325 0.931667 0.3325 0.931667 0.3225 0.943333 0.32 0.955 0.325 0.958333 0.35 0.96 0.3875 0.953333 0.4075 0.943333 0.4175 0.928333 0.4375 0.906667 0.44 0.893333 0.43 0.88 0.425 0.89 0.415 0.915 0.405 0.931667 0.39 0.94 0.365 0.94 0.3525 0.938333 0.3325 0.931667
