1 0.48 0.451667 0.5075 0.448333 0.595 0.443333 0.62 0.451667 0.6075 0.461667 0.5475 0.461667 0.4975 0.463333
7 0.4725 0.453333 0.415 0.478333 0.3775 0.491667 0.385 0.526667 0.42 0.618333 0.425 0.648333 0.4325 0.703333 0.42 0.738333 0.4375 0.843333 0.435 0.855 0.4425 0.871667 0.465 0.88 0.505 0.871667 0.515 0.866667 0.5075 0.84 0.51 0.78 0.5125 0.73 0.53 0.695 0.53 0.66 0.5225 0.581667 0.53 0.576667 0.5375 0.633333 0.5475 0.671667 0.54 0.703333 0.5525 0.715 0.5475 0.795 0.5425 0.84 0.5375 0.856667 0.54 0.87 0.56 0.875 0.5875 0.88 0.6075 0.875 0.6125 0.85 0.61 0.836667 0.6375 0.735 0.64 0.715 0.6325 0.663333 0.6575 0.603333 0.68 0.508333 0.675 0.486667 0.6425 0.461667 0.62 0.455 0.6025 0.461667 0.53 0.463333 0.4975 0.463333
8 0.495 0.2 0.5075 0.261667 0.4925 0.255 0.47 0.253333 0.44 0.268333 0.445 0.36 0.415 0.391667 0.3775 0.465 0.38 0.49 0.4225 0.478333 0.475 0.448333 0.5925 0.443333 0.635 0.458333 0.68 0.49 0.6675 0.458333 0.6375 0.41 0.6225 0.415 0.595 0.411667 0.57 0.381667 0.59 0.37 0.62 0.361667 0.62 0.251667 0.625 0.215 0.6075 0.24 0.5775 0.245 0.54 0.236667 0.5175 0.216667
8 0.545 0.211667 0.6075 0.203333 0.595 0.221667 0.585 0.23 0.5525 0.225
4 0.6125 0.176667 0.6275 0.201667 0.62 0.301667 0.62 0.365 0.66 0.37 0.65 0.345 0.68 0.281667 0.7025 0.271667 0.72 0.265 0.7325 0.285 0.7325 0.273333 0.7175 0.226667 0.7125 0.201667 0.67 0.198333 0.6375 0.19
4 0.655 0.406667 0.6425 0.411667 0.6675 0.458333 0.6775 0.47
0 0.7275 0.286667 0.7325 0.37 0.7175 0.381667 0.68 0.378333 0.6625 0.366667 0.65 0.345 0.6825 0.281667 0.72 0.265
4 0.52 0.165 0.505 0.171667 0.4725 0.165 0.4275 0.156667 0.4125 0.173333 0.3825 0.178333 0.3275 0.173333 0.3025 0.171667 0.28 0.173333 0.2525 0.155 0.24 0.151667 0.2075 0.166667 0.2075 0.176667 0.22 0.19 0.245 0.206667 0.265 0.208333 0.32 0.221667 0.3325 0.225 0.385 0.228333 0.4 0.228333 0.3825 0.293333 0.365 0.405 0.36 0.456667 0.375 0.466667 0.4125 0.391667 0.445 0.356667 0.44 0.271667 0.4675 0.251667 0.5075 0.258333 0.4975 0.198333 0.52 0.173333
6 0.4825 0.09 0.495 0.0983333 0.515 0.0933333 0.535 0.0983333 0.565 0.106667 0.565 0.108333 0.5275 0.101667 0.52 0.116667 0.51 0.123333 0.505 0.123333 0.4975 0.111667 0.495 0.103333 0.49 0.111667 0.475 0.115 0.4725 0.0983333
3 0.53 0.948333 0.52 0.96 0.525 0.975 0.5525 0.981667 0.5875 0.973333 0.5975 0.96 0.5725 0.956667 0.5425 0.955
3 0.435 0.945 0.445 0.966667 0.4875 0.975 0.51 0.968333 0.5125 0.946667 0.495 0.948333
