5 0.48 0.456667 0.47 0.48 0.4775 0.518333 0.5125 0.518333 0.51 0.496667 0.5075 0.47
5 0.5475 0.473333 0.5575 0.518333 0.5775 0.521667 0.5925 0.493333 0.6 0.473333
5 0.6175 0.478333 0.6125 0.526667 0.635 0.528333 0.6475 0.49
1 0.48 0.518333 0.545 0.523333 0.5425 0.526667 0.4775 0.523333
1 0.5575 0.523333 0.5625 0.531667 0.595 0.533333 0.5925 0.525
1 0.615 0.53 0.61 0.533333 0.635 0.535 0.635 0.53
6 0.555 0.333333 0.585 0.333333 0.5975 0.336667 0.6175 0.338333 0.6375 0.341667 0.64 0.351667 0.635 0.356667 0.6125 0.356667 0.5975 0.353333 0.5975 0.343333 0.59 0.346667 0.58 0.356667 0.5625 0.356667 0.55 0.353333 0.5525 0.343333
5 0.475 0.526667 0.445 0.593333 0.4375 0.618333 0.425 0.681667 0.4075 0.741667 0.43 0.751667 0.465 0.755 0.48 0.766667 0.52 0.773333 0.58 0.771667 0.6375 0.765 0.6625 0.761667 0.6625 0.738333 0.66 0.695 0.66 0.648333 0.6625 0.638333 0.6525 0.593333 0.65 0.566667 0.6325 0.538333 0.615 0.54 0.59 0.581667 0.5725 0.588333 0.555 0.586667 0.5375 0.575 0.515 0.526667
5 0.525 0.533333 0.55 0.535 0.56 0.561667 0.565 0.566667 0.5875 0.566667 0.5975 0.556667 0.5925 0.568333 0.585 0.58 0.575 0.583333 0.5575 0.585 0.54 0.571667
3 0.52 0.916667 0.5025 0.958333 0.5175 0.958333 0.525 0.965 0.535 0.958333 0.56 0.963333 0.55 0.971667 0.53 0.976667 0.51 0.975 0.505 0.976667 0.5075 0.981667 0.53 0.983333 0.5525 0.978333 0.565 0.968333 0.5675 0.96 0.5575 0.958333 0.535 0.953333 0.535 0.945 0.5475 0.945 0.565 0.95 0.565 0.945 0.54 0.94 0.54 0.926667 0.5575 0.925 0.565 0.921667 0.56 0.92 0.54 0.92
3 0.49 0.901667 0.4675 0.921667 0.4525 0.936667 0.4575 0.945 0.4675 0.941667 0.48 0.948333 0.4725 0.955 0.455 0.956667 0.445 0.951667 0.435 0.945 0.43 0.951667 0.4375 0.958333 0.4475 0.961667 0.47 0.961667 0.49 0.953333 0.485 0.946667 0.4725 0.936667 0.4825 0.926667 0.5 0.936667 0.5025 0.933333 0.4875 0.923333 0.5 0.913333 0.5175 0.913333 0.52 0.908333 0.5075 0.908333 0.5 0.9
