12 0.4525 0.105 0.4125 0.126667 0.42 0.18 0.4325 0.208333 0.46 0.226667 0.45 0.25 0.4625 0.268333 0.4975 0.265 0.535 0.276667 0.6 0.273333 0.6225 0.261667 0.6325 0.231667 0.645 0.215 0.6175 0.198333 0.565 0.176667 0.55 0.138333 0.515 0.155 0.4775 0.143333 0.4625 0.12
1 0.3975 0.346667 0.3925 0.363333 0.4075 0.366667 0.435 0.371667 0.4525 0.37 0.4575 0.366667 0.49 0.373333 0.515 0.373333 0.565 0.391667 0.5725 0.383333 0.5325 0.37 0.56 0.366667 0.5525 0.35 0.505 0.346667 0.47 0.343333 0.425 0.343333
8 0.4175 0.223333 0.41 0.283333 0.3975 0.338333 0.425 0.343333 0.47 0.343333 0.505 0.346667 0.5525 0.35 0.5625 0.343333 0.565 0.325 0.5775 0.305 0.5925 0.275 0.535 0.276667 0.4975 0.265 0.4625 0.268333 0.45 0.251667 0.46 0.226667 0.4325 0.208333 0.42 0.18
6 0.46 0.0766667 0.48 0.0766667 0.5 0.0833333 0.515 0.0883333 0.53 0.0833333 0.5575 0.0833333 0.555 0.116667 0.5325 0.113333 0.52 0.103333 0.515 0.0966667 0.5075 0.0983333 0.505 0.106667 0.49 0.11 0.4675 0.106667 0.455 0.0983333
0 0.1875 0.52 0.1375 0.58 0.1375 0.598333 0.1075 0.605 0.075 0.626667 0.0275 0.758333 0.095 0.783333 0.175 0.793333 0.2875 0.778333 0.335 0.753333 0.3375 0.698333 0.325 0.62 0.3 0.601667 0.2825 0.601667 0.2825 0.565 0.2575 0.503333 0.2275 0.52 0.215 0.595 0.2125 0.52 0.19 0.525
7 0.4025 0.805 0.4425 0.81 0.4475 0.823333 0.4875 0.823333 0.5125 0.743333 0.525 0.661667 0.54 0.596667 0.5725 0.513333 0.5825 0.488333 0.585 0.46 0.59 0.435 0.585 0.403333 0.5725 0.383333 0.565 0.39 0.515 0.373333 0.49 0.371667 0.4575 0.366667 0.4525 0.37 0.435 0.371667 0.4075 0.366667 0.3925 0.361667 0.3875 0.413333 0.3825 0.47 0.3625 0.51 0.3275 0.506667 0.27 0.5 0.2925 0.546667 0.305 0.58 0.315 0.613333 0.325 0.62 0.3375 0.696667 0.345 0.75 0.36 0.818333
3 0.395 0.88 0.38 0.911667 0.375 0.945 0.38 0.965 0.4075 0.966667 0.4025 0.946667 0.3825 0.943333 0.4075 0.933333 0.405 0.916667 0.41 0.9
3 0.395 0.88 0.38 0.911667 0.375 0.945 0.38 0.965 0.4075 0.966667 0.4025 0.946667 0.3825 0.943333 0.4075 0.933333 0.405 0.916667 0.41 0.9
4 0.3975 0.336667 0.41 0.281667 0.4175 0.221667 0.42 0.178333 0.4125 0.126667 0.365 0.133333 0.3175 0.138333 0.305 0.145 0.3 0.163333 0.285 0.2 0.2575 0.26 0.23 0.321667 0.2175 0.37 0.2 0.396667 0.2025 0.405 0.185 0.435 0.2125 0.441667 0.245 0.453333 0.235 0.491667 0.265 0.498333 0.325 0.506667 0.3625 0.51 0.3825 0.47 0.3875 0.415 0.3925 0.363333 0.3975 0.336667 0.5525 0.35 0.56 0.366667 0.5725 0.383333 0.585 0.403333 0.59 0.435 0.585 0.461667 0.5825 0.488333 0.575 0.515 0.6125 0.521667 0.63 0.523333 0.64 0.536667 0.6625 0.525 0.6575 0.49 0.6475 0.456667 0.64 0.406667 0.645 0.313333 0.6375 0.275 0.6575 0.223333 0.645 0.216667 0.6325 0.231667 0.6225 0.26 0.6 0.273333 0.5925 0.275 0.5775 0.305 0.565 0.325 0.5625 0.343333 0.5525 0.35
3 0.41 0.901667 0.4425 0.915 0.47 0.896667 0.48 0.921667 0.4875 0.95 0.4875 0.963333 0.465 0.951667 0.4425 0.948333 0.4275 0.963333 0.46 0.963333 0.49 0.963333 0.485 0.981667 0.4775 0.991667 0.4425 0.995 0.42 0.993333 0.41 0.97 0.4075 0.941667 0.4075 0.918333 0.41 0.901667 0.41 0.901667 0.4425 0.915 0.47 0.896667 0.48 0.921667 0.4875 0.95 0.4875 0.963333 0.465 0.951667 0.4425 0.948333 0.4275 0.963333 0.46 0.963333 0.49 0.963333 0.485 0.981667 0.4775 0.991667 0.4425 0.995 0.42 0.993333 0.41 0.97 0.4075 0.941667 0.4075 0.918333 0.41 0.901667
