12 0.4325 0.518333 0.4775 0.513333 0.45 0.426667 0.48 0.445 0.5075 0.476667 0.545 0.48 0.5925 0.473333 0.5675 0.341667 0.5675 0.236667 0.5575 0.166667 0.5175 0.131667 0.49 0.131667 0.47 0.113333 0.435 0.0983333 0.365 0.133333 0.3625 0.205 0.345 0.211667 0.355 0.223333 0.365 0.281667 0.345 0.343333 0.3325 0.405 0.34 0.503333 0.34 0.506667 0.3825 0.511667 0.395 0.53 0.4275 0.52
11 0.4775 0.0783333 0.525 0.0633333 0.585 0.0633333 0.615 0.06 0.605 0.0183333 0.5825 0.00833333 0.5225 0 0.4725 0.00333333 0.435 0.035 0.4325 0.07 0.4275 0.095 0.4425 0.095 0.4775 0.08
0 0.6075 0.473333 0.59 0.403333 0.575 0.328333 0.58 0.195 0.575 0.146667 0.595 0.151667 0.595 0.153333 0.595 0.283333 0.6 0.296667 0.61 0.298333 0.6075 0.37 0.615 0.46 0.6075 0.473333 0.6125 0.486667 0.6225 0.531667 0.6225 0.533333 0.6325 0.543333 0.66 0.545 0.6575 0.493333 0.6425 0.503333 0.63 0.501667 0.6125 0.486667
4 0.58 0.296667 0.58 0.195 0.5775 0.148333 0.5625 0.146667 0.5575 0.163333 0.5675 0.238333 0.5675 0.34 0.5925 0.473333 0.5475 0.481667 0.505 0.478333 0.4775 0.443333 0.4525 0.426667 0.4775 0.513333 0.4275 0.521667 0.3925 0.528333 0.3825 0.511667 0.3375 0.505 0.3325 0.405 0.3425 0.345 0.3675 0.28 0.3525 0.223333 0.3425 0.21 0.3625 0.205 0.3675 0.133333 0.3425 0.143333 0.295 0.151667 0.265 0.195 0.245 0.268333 0.24 0.296667 0.23 0.33 0.235 0.338333 0.27 0.323333 0.3 0.325 0.315 0.336667 0.3175 0.308333 0.3275 0.323333 0.315 0.336667 0.3175 0.383333 0.265 0.425 0.2375 0.485 0.2225 0.52 0.2725 0.531667 0.3775 0.541667 0.4525 0.548333 0.5025 0.548333 0.5125 0.538333 0.6175 0.528333 0.62 0.523333 0.59 0.403333 0.575 0.328333 0.58 0.296667 0.6 0.293333 0.5925 0.28 0.5975 0.153333 0.605 0.15 0.6025 0.15 0.64 0.166667 0.6575 0.235 0.6525 0.255 0.66 0.283333 0.6625 0.323333 0.66 0.35 0.62 0.348333 0.6075 0.346667 0.61 0.298333 0.6 0.293333
4 0.61 0.346667 0.665 0.348333 0.6575 0.38 0.6575 0.38 0.6075 0.365 0.61 0.346667 0.315 0.336667 0.3025 0.325 0.27 0.323333 0.2325 0.338333 0.235 0.34 0.2425 0.376667 0.26 0.366667 0.31 0.35 0.315 0.336667
4 0.3175 0.381667 0.3125 0.351667 0.26 0.366667 0.2475 0.383333 0.2475 0.383333 0.26 0.405 0.27 0.416667 0.3175 0.381667 0.61 0.365 0.66 0.381667 0.6625 0.381667 0.65 0.4 0.665 0.416667 0.6575 0.435 0.655 0.448333 0.6125 0.443333 0.61 0.365
10 0.295 0.54 0.295 0.56 0.345 0.571667 0.4525 0.571667 0.56 0.57 0.59 0.566667 0.5975 0.535 0.515 0.54 0.5025 0.548333 0.4625 0.548333 0.38 0.541667 0.3075 0.535 0.2975 0.54
2 0.3575 0.765 0.3325 0.765 0.3025 0.746667 0.3025 0.761667 0.285 0.765 0.29 0.783333 0.2975 0.783333 0.3075 0.836667 0.2975 0.86 0.2975 0.895 0.315 0.946667 0.3725 0.951667 0.395 0.931667 0.37 0.871667 0.38 0.826667 0.3775 0.808333 0.395 0.758333 0.3625 0.765
2 0.3575 0.765 0.3325 0.765 0.3025 0.746667 0.3025 0.761667 0.285 0.765 0.29 0.783333 0.2975 0.783333 0.3075 0.836667 0.2975 0.86 0.2975 0.895 0.315 0.946667 0.3725 0.951667 0.395 0.931667 0.37 0.871667 0.38 0.826667 0.3775 0.808333 0.395 0.758333 0.3625 0.765
2 0.5275 0.775 0.4725 0.766667 0.45 0.751667 0.44 0.855 0.4175 0.91 0.3825 0.951667 0.39 0.97 0.43 0.976667 0.47 0.97 0.4975 0.926667 0.5025 0.883333 0.51 0.865 0.535 0.795 0.55 0.79 0.5525 0.781667 0.5425 0.778333 0.545 0.766667 0.5275 0.773333 0.5275 0.775 0.5275 0.775 0.4725 0.766667 0.45 0.751667 0.44 0.855 0.4175 0.91 0.3825 0.951667 0.39 0.97 0.43 0.976667 0.47 0.97 0.4975 0.926667 0.5025 0.883333 0.51 0.865 0.535 0.795 0.55 0.79 0.5525 0.781667 0.5425 0.778333 0.545 0.766667 0.5275 0.773333 0.5275 0.775
