9 0.32 0.528333 0.3225 0.573333 0.34 0.643333 0.355 0.693333 0.3875 0.75 0.4225 0.741667 0.4525 0.733333 0.4975 0.723333 0.4925 0.663333 0.4875 0.656667 0.4175 0.64 0.4125 0.605 0.3875 0.598333 0.3925 0.586667 0.39 0.581667 0.3875 0.566667 0.395 0.545 0.4025 0.535 0.35 0.531667
8 0.38 0.191667 0.365 0.206667 0.3525 0.216667 0.35 0.221667 0.335 0.253333 0.325 0.281667 0.3225 0.296667 0.3275 0.316667 0.3225 0.338333 0.3025 0.391667 0.28 0.456667 0.27 0.483333 0.2625 0.52 0.275 0.521667 0.3025 0.526667 0.3175 0.53 0.35 0.531667 0.4025 0.535 0.42 0.52 0.4275 0.516667 0.455 0.516667 0.4825 0.526667 0.475 0.536667 0.5 0.54 0.525 0.538333 0.53 0.505 0.5375 0.443333 0.5575 0.421667 0.5625 0.406667 0.5625 0.38 0.57 0.361667 0.5725 0.303333 0.5775 0.288333 0.5775 0.27 0.585 0.263333 0.57 0.223333 0.55 0.201667 0.5175 0.181667 0.4925 0.171667 0.4925 0.161667 0.48 0.15 0.4175 0.18 0.395 0.196667
7 0.4175 0.755 0.42 0.78 0.425 0.818333 0.43 0.823333 0.4575 0.823333 0.485 0.821667 0.515 0.818333 0.5175 0.8 0.52 0.776667 0.5125 0.748333 0.5 0.723333 0.455 0.733333 0.4225 0.741667 0.415 0.745
3 0.3875 0.933333 0.37 0.943333 0.3375 0.95 0.3125 0.955 0.29 0.958333 0.2825 0.965 0.285 0.976667 0.2925 0.98 0.3375 0.981667 0.3825 0.983333 0.455 0.981667 0.49 0.98 0.51 0.978333 0.5125 0.96 0.51 0.935 0.5025 0.918333 0.4475 0.916667 0.4425 0.91 0.4275 0.901667 0.4175 0.915 0.4125 0.92 0.3875 0.933333 0.3875 0.933333 0.41 0.921667 0.4175 0.913333 0.4275 0.9 0.42 0.895 0.415 0.896667 0.4 0.916667 0.3875 0.923333 0.3775 0.928333 0.35 0.931667 0.325 0.935 0.315 0.938333 0.3075 0.941667 0.3075 0.953333 0.3125 0.955 0.335 0.95 0.37 0.943333 0.3875 0.933333
3 0.5125 0.898333 0.495 0.9 0.495 0.91 0.5025 0.918333 0.51 0.935 0.51 0.96 0.5225 0.958333 0.5275 0.946667 0.5175 0.916667
6 0.4725 0.0833333 0.4425 0.0866667 0.435 0.0783333 0.4225 0.0766667 0.3325 0.08 0.3275 0.0883333 0.3275 0.0933333 0.3325 0.105 0.34 0.11 0.3525 0.11 0.3625 0.106667 0.375 0.095 0.3775 0.0866667 0.385 0.0866667 0.3875 0.0933333 0.395 0.103333 0.4075 0.106667 0.4275 0.106667 0.4375 0.101667 0.44 0.09 0.47 0.0866667
11 0.48 0.0766667 0.485 0.0783333 0.4925 0.065 0.4925 0.055 0.49 0.0483333 0.4775 0.0316667 0.465 0.0133333 0.435 0.00666667 0.4025 0.005 0.39 0.00833333 0.3725 0.015 0.35 0.0166667 0.3175 0.025 0.305 0.0366667 0.305 0.0416667 0.3125 0.055 0.33 0.07 0.34 0.0533333 0.355 0.0466667 0.3775 0.0416667 0.4 0.04 0.42 0.045 0.4425 0.0533333 0.465 0.0616667
4 0.4175 0.64 0.4875 0.656667 0.4925 0.663333 0.4975 0.723333 0.5125 0.748333 0.54 0.761667 0.5525 0.776667 0.5725 0.788333 0.585 0.798333 0.61 0.806667 0.605 0.791667 0.6 0.768333 0.585 0.733333 0.5775 0.718333 0.5775 0.701667 0.5775 0.686667 0.5675 0.645 0.5425 0.578333 0.5325 0.548333 0.525 0.538333 0.5 0.54 0.4725 0.536667 0.4725 0.551667 0.465 0.585 0.4425 0.595 0.42 0.61 0.415 0.605 0.4175 0.64 0.335 0.628333 0.3225 0.573333 0.3175 0.53 0.3025 0.525 0.2825 0.525 0.2775 0.538333 0.2725 0.561667 0.27 0.583333 0.2775 0.611667 0.285 0.625 0.3025 0.635 0.3175 0.641667 0.335 0.628333
0 0.5625 0.38 0.5625 0.406667 0.5575 0.421667 0.5375 0.441667 0.5325 0.493333 0.545 0.483333 0.56 0.476667 0.57 0.471667 0.585 0.476667 0.5925 0.473333 0.5775 0.463333 0.5775 0.438333 0.5825 0.415 0.5825 0.398333 0.5775 0.386667 0.5625 0.38 0.3475 0.31 0.365 0.283333 0.3775 0.265 0.4075 0.24 0.4375 0.223333 0.4675 0.206667 0.49 0.196667 0.515 0.195 0.54 0.196667 0.5225 0.183333 0.505 0.181667 0.4825 0.186667 0.4425 0.201667 0.4125 0.215 0.3975 0.223333 0.3825 0.245 0.3575 0.271667 0.3375 0.301667 0.3275 0.323333 0.3475 0.31
3 0.5125 0.898333 0.495 0.9 0.495 0.91 0.5025 0.918333 0.51 0.935 0.51 0.96 0.5225 0.958333 0.5275 0.946667 0.5175 0.916667
