11 0.3375 0.126667 0.3525 0.12 0.3725 0.0933333 0.4 0.0683333 0.425 0.0533333 0.45 0.0466667 0.475 0.0416667 0.5 0.0483333 0.5125 0.0633333 0.53 0.0883333 0.5425 0.0816667 0.54 0.0616667 0.525 0.035 0.49 0.02 0.45 0.01 0.4075 0.0116667 0.3675 0.0266667 0.345 0.0516667 0.3275 0.075 0.32 0.1 0.3175 0.111667 0.3225 0.128333
4 0.5575 0.33 0.545 0.285 0.525 0.235 0.4775 0.248333 0.51 0.29 0.53 0.31 0.5375 0.351667 0.55 0.398333 0.55 0.425 0.5675 0.47 0.5875 0.476667 0.58 0.435 0.5575 0.33 0.545 0.185 0.5775 0.2 0.4 0.248333 0.4125 0.276667 0.42 0.338333 0.4225 0.37 0.4125 0.451667 0.4075 0.49 0.3775 0.496667 0.2875 0.49 0.29 0.54 0.2325 0.548333 0.22 0.513333 0.2 0.49 0.2 0.448333 0.195 0.425 0.195 0.395 0.1975 0.348333 0.205 0.268333 0.2175 0.235 0.2525 0.206667 0.2775 0.193333 0.295 0.176667 0.325 0.176667 0.3275 0.208333 0.3375 0.251667 0.365 0.258333 0.37 0.23 0.39 0.233333 0.4 0.248333 0.5775 0.2 0.6025 0.243333 0.6125 0.296667 0.64 0.378333 0.6575 0.425 0.66 0.46 0.665 0.486667 0.62 0.491667 0.615 0.481667 0.6 0.448333 0.575 0.333333 0.5475 0.216667 0.545 0.185
8 0.415 0.483333 0.485 0.483333 0.53 0.48 0.5675 0.47 0.555 0.423333 0.5475 0.396667 0.5375 0.35 0.53 0.308333 0.51 0.288333 0.495 0.27 0.425 0.26 0.3975 0.248333 0.4075 0.276667 0.4225 0.338333 0.42 0.365 0.41 0.445 0.41 0.478333
12 0.595 0.49 0.59 0.521667 0.59 0.561667 0.5775 0.585 0.565 0.63 0.555 0.655 0.59 0.693333 0.6075 0.686667 0.6075 0.643333 0.6175 0.601667 0.6375 0.6 0.6575 0.62 0.685 0.641667 0.7 0.661667 0.715 0.661667 0.7225 0.65 0.705 0.606667 0.69 0.568333 0.7075 0.563333 0.73 0.553333 0.73 0.525 0.705 0.51 0.655 0.501667 0.64 0.493333 0.6075 0.485
0 0.6125 0.483333 0.6 0.483333 0.5875 0.478333 0.5825 0.435 0.555 0.326667 0.5425 0.28 0.53 0.235 0.535 0.231667 0.5475 0.216667 0.5775 0.333333 0.6 0.448333 0.6125 0.483333 0.69 0.643333 0.6875 0.651667 0.6775 0.653333 0.705 0.596667 0.6875 0.566667 0.7075 0.563333 0.7075 0.566667 0.705 0.596667 0.6775 0.653333 0.6075 0.661667 0.61 0.643333 0.6175 0.6 0.6375 0.6 0.66 0.62 0.69 0.643333
9 0.31 0.598333 0.37 0.598333 0.415 0.595 0.46 0.58 0.4925 0.581667 0.5525 0.581667 0.58 0.575 0.59 0.561667 0.59 0.52 0.595 0.488333 0.6075 0.485 0.6 0.483333 0.585 0.478333 0.5675 0.471667 0.5325 0.48 0.4875 0.483333 0.41 0.483333 0.41 0.488333 0.3775 0.496667 0.2875 0.49 0.29 0.538333 0.2875 0.555
7 0.5575 0.661667 0.55 0.706667 0.55 0.726667 0.555 0.75 0.555 0.775 0.54 0.838333 0.5275 0.873333 0.4825 0.875 0.48 0.863333 0.4625 0.773333 0.4675 0.73 0.4575 0.696667 0.4525 0.621667 0.445 0.631667 0.44 0.693333 0.445 0.706667 0.4375 0.73 0.4275 0.741667 0.425 0.811667 0.4225 0.875 0.4025 0.883333 0.38 0.886667 0.3775 0.87 0.35 0.83 0.335 0.79 0.34 0.741667 0.3475 0.708333 0.3475 0.691667 0.3075 0.6 0.3675 0.596667 0.41 0.595 0.4625 0.581667 0.4875 0.58 0.5525 0.581667 0.5825 0.575
3 0.4275 0.876667 0.4525 0.876667 0.4475 0.888333 0.4425 0.891667 0.4625 0.911667 0.475 0.925 0.5 0.953333 0.5075 0.975 0.4875 0.981667 0.4525 0.983333 0.42 0.976667 0.4025 0.961667 0.375 0.926667 0.37 0.91 0.375 0.893333 0.38 0.886667 0.4025 0.883333 0.4225 0.873333
3 0.4275 0.876667 0.4525 0.876667 0.4475 0.888333 0.4425 0.891667 0.4625 0.911667 0.475 0.925 0.5 0.953333 0.5075 0.975 0.4875 0.981667 0.4525 0.983333 0.42 0.976667 0.4025 0.961667 0.375 0.926667 0.37 0.91 0.375 0.893333 0.38 0.886667 0.4025 0.883333 0.4225 0.873333
3 0.5325 0.876667 0.535 0.886667 0.5525 0.896667 0.55 0.903333 0.54 0.901667 0.545 0.916667 0.5675 0.936667 0.5825 0.953333 0.58 0.975 0.57 0.978333 0.53 0.981667 0.5075 0.975 0.4975 0.953333 0.475 0.926667 0.4625 0.91 0.4775 0.895 0.4825 0.875 0.525 0.873333 0.5325 0.876667 0.5325 0.876667 0.535 0.886667 0.5525 0.896667 0.55 0.903333 0.54 0.901667 0.545 0.916667 0.5675 0.936667 0.5825 0.953333 0.58 0.975 0.57 0.978333 0.53 0.981667 0.5075 0.975 0.4975 0.953333 0.475 0.926667 0.4625 0.91 0.4775 0.895 0.4825 0.875 0.525 0.873333 0.5325 0.876667
