8 0.4575 0.45 0.4775 0.396667 0.4675 0.346667 0.4775 0.338333 0.505 0.326667 0.52 0.38 0.53 0.456667 0.4675 0.46 0.4575 0.45 0.425 0.463333 0.4025 0.436667 0.3825 0.408333 0.3775 0.433333 0.38 0.466667 0.38 0.468333 0.425 0.463333
12 0.4925 0.266667 0.505 0.285 0.5075 0.308333 0.505 0.325 0.4775 0.338333 0.4675 0.346667 0.475 0.395 0.455 0.45 0.46 0.46 0.4675 0.481667 0.4425 0.495 0.4325 0.496667 0.4325 0.49 0.4325 0.478333 0.425 0.465 0.4 0.436667 0.38 0.408333 0.3775 0.433333 0.355 0.408333 0.365 0.36 0.38 0.296667 0.395 0.286667 0.4075 0.285 0.42 0.301667 0.43 0.3 0.45 0.291667
6 0.3725 0.226667 0.3825 0.226667 0.3975 0.221667 0.415 0.223333 0.43 0.223333 0.46 0.218333 0.4775 0.223333 0.4925 0.223333 0.495 0.23 0.4775 0.231667 0.4725 0.243333 0.455 0.248333 0.4425 0.246667 0.4325 0.23 0.4225 0.231667 0.425 0.24 0.4125 0.245 0.3975 0.248333 0.385 0.243333 0.375 0.236667
0 0.56 0.35 0.5325 0.305 0.545 0.305 0.565 0.348333 0.56 0.35 0.66 0.588333 0.6275 0.571667 0.615 0.548333 0.605 0.55 0.615 0.59 0.6275 0.571667 0.66 0.588333 0.665 0.618333 0.665 0.63 0.655 0.646667 0.635 0.66 0.6375 0.685 0.6625 0.671667 0.685 0.663333 0.68 0.636667 0.66 0.588333
1 0.4675 0.48 0.5325 0.478333 0.53 0.455 0.4625 0.461667 0.4675 0.48 0.4325 0.478333 0.4225 0.463333 0.3825 0.471667 0.39 0.483333 0.4325 0.478333
4 0.375 0.308333 0.365 0.358333 0.3525 0.41 0.375 0.435 0.38 0.473333 0.38 0.505 0.3925 0.603333 0.385 0.618333 0.325 0.615 0.29 0.605 0.31 0.548333 0.3225 0.516667 0.305 0.508333 0.26 0.505 0.27 0.476667 0.2925 0.41 0.295 0.388333 0.3 0.37 0.315 0.323333 0.3425 0.313333 0.375 0.308333 0.505 0.325 0.5075 0.306667 0.5075 0.285 0.52 0.285 0.53 0.296667 0.53 0.303333 0.56 0.348333 0.565 0.348333 0.5475 0.301667 0.565 0.301667 0.5975 0.306667 0.615 0.34 0.6175 0.376667 0.62 0.406667 0.6225 0.428333 0.6325 0.466667 0.645 0.501667 0.615 0.501667 0.6025 0.505 0.605 0.546667 0.6125 0.588333 0.615 0.598333 0.59 0.6 0.57 0.57 0.55 0.523333 0.5325 0.478333 0.5325 0.453333 0.5225 0.378333 0.505 0.325
10 0.635 0.7 0.58 0.708333 0.53 0.706667 0.51 0.706667 0.48 0.72 0.4375 0.726667 0.395 0.721667 0.39 0.713333 0.35 0.708333 0.3375 0.695 0.305 0.686667 0.2825 0.67 0.3025 0.606667 0.325 0.613333 0.385 0.62 0.395 0.603333 0.3825 0.505 0.3775 0.473333 0.3925 0.486667 0.4325 0.476667 0.4325 0.488333 0.4325 0.496667 0.4425 0.495 0.47 0.478333 0.5325 0.476667 0.5525 0.523333 0.57 0.568333 0.5925 0.6 0.6175 0.601667 0.6275 0.66
7 0.51 0.83 0.525 0.793333 0.545 0.768333 0.5625 0.756667 0.53 0.706667 0.58 0.71 0.635 0.698333 0.6525 0.726667 0.6575 0.756667 0.65 0.773333 0.5975 0.813333 0.5725 0.841667 0.56 0.855 0.5325 0.851667 0.51 0.83 0.455 0.82 0.45 0.86 0.4325 0.861667 0.4 0.866667 0.385 0.828333 0.375 0.796667 0.375 0.77 0.3775 0.753333 0.365 0.71 0.39 0.715 0.3975 0.721667 0.44 0.726667 0.4525 0.725 0.4475 0.775 0.455 0.82
3 0.4075 0.878333 0.4125 0.903333 0.4075 0.925 0.4075 0.938333 0.4275 0.956667 0.4525 0.98 0.475 0.981667 0.4975 0.975 0.5025 0.963333 0.4875 0.94 0.475 0.921667 0.4575 0.898333 0.4525 0.866667 0.45 0.858333 0.4325 0.861667 0.4 0.868333
3 0.4075 0.878333 0.4125 0.903333 0.4075 0.925 0.4075 0.938333 0.4275 0.956667 0.4525 0.98 0.475 0.981667 0.4975 0.975 0.5025 0.963333 0.4875 0.94 0.475 0.921667 0.4575 0.898333 0.4525 0.866667 0.45 0.858333 0.4325 0.861667 0.4 0.868333
3 0.5625 0.865 0.545 0.878333 0.5525 0.883333 0.5525 0.891667 0.55 0.898333 0.555 0.918333 0.55 0.925 0.5375 0.921667 0.535 0.901667 0.5325 0.921667 0.53 0.943333 0.53 0.958333 0.505 0.961667 0.485 0.943333 0.475 0.923333 0.475 0.903333 0.4725 0.898333 0.46 0.898333 0.4525 0.866667 0.4525 0.86 0.4725 0.853333 0.4875 0.85 0.51 0.831667 0.53 0.851667 0.56 0.855 0.57 0.848333 0.5725 0.856667 0.5625 0.865 0.5625 0.865 0.545 0.878333 0.5525 0.883333 0.5525 0.891667 0.55 0.898333 0.555 0.918333 0.55 0.925 0.5375 0.921667 0.535 0.901667 0.5325 0.921667 0.53 0.943333 0.53 0.958333 0.505 0.961667 0.485 0.943333 0.475 0.923333 0.475 0.903333 0.4725 0.898333 0.46 0.898333 0.4525 0.866667 0.4525 0.86 0.4725 0.853333 0.4875 0.85 0.51 0.831667 0.53 0.851667 0.56 0.855 0.57 0.848333 0.5725 0.856667 0.5625 0.865
