7 0.535 0.586667 0.52 0.626667 0.5175 0.645 0.5075 0.663333 0.47 0.671667 0.4525 0.66 0.44 0.646667 0.435 0.635 0.425 0.636667 0.41 0.611667 0.39 0.581667 0.4075 0.581667 0.4375 0.58 0.49 0.585
2 0.42 0.658333 0.4375 0.731667 0.4475 0.758333 0.4525 0.786667 0.4375 0.811667 0.4375 0.83 0.4675 0.831667 0.485 0.831667 0.4975 0.821667 0.505 0.811667 0.505 0.79 0.5 0.773333 0.505 0.741667 0.505 0.725 0.47 0.671667 0.4525 0.66 0.44 0.648333 0.435 0.635 0.4225 0.636667
2 0.42 0.658333 0.4375 0.731667 0.4475 0.758333 0.4525 0.786667 0.4375 0.811667 0.4375 0.83 0.4675 0.831667 0.485 0.831667 0.4975 0.821667 0.505 0.811667 0.505 0.79 0.5 0.773333 0.505 0.741667 0.505 0.725 0.47 0.671667 0.4525 0.66 0.44 0.648333 0.435 0.635 0.4225 0.636667
10 0.4075 0.401667 0.49 0.403333 0.54 0.405 0.56 0.443333 0.5625 0.466667 0.6025 0.488333 0.62 0.503333 0.625 0.571667 0.5875 0.575 0.575 0.585 0.5525 0.585 0.535 0.586667 0.49 0.585 0.4375 0.58 0.4075 0.581667 0.39 0.583333 0.3725 0.575 0.3525 0.523333 0.3475 0.485 0.355 0.458333 0.385 0.431667
8 0.4675 0.313333 0.485 0.345 0.5175 0.383333 0.5425 0.405 0.4875 0.403333 0.4075 0.4 0.41 0.376667 0.4175 0.343333 0.43 0.323333 0.44 0.305
12 0.5425 0.26 0.5275 0.286667 0.515 0.311667 0.5625 0.361667 0.5875 0.39 0.5925 0.421667 0.62 0.438333 0.6425 0.456667 0.64 0.465 0.62 0.453333 0.635 0.468333 0.6275 0.478333 0.6125 0.485 0.6025 0.488333 0.5625 0.466667 0.56 0.443333 0.5425 0.403333 0.515 0.383333 0.485 0.345 0.47 0.313333 0.4575 0.295 0.4425 0.276667 0.445 0.26 0.4575 0.248333 0.49 0.265 0.5125 0.25 0.525 0.241667 0.54 0.248333
6 0.4375 0.195 0.4575 0.195 0.47 0.198333 0.485 0.195 0.51 0.193333 0.5225 0.2 0.5225 0.205 0.5175 0.205 0.5125 0.215 0.49 0.216667 0.47 0.205 0.46 0.215 0.4425 0.216667 0.4325 0.211667 0.4325 0.203333
11 0.4825 0.148333 0.505 0.151667 0.535 0.16 0.55 0.175 0.55 0.205 0.55 0.223333 0.545 0.233333 0.535 0.24 0.5275 0.243333 0.52 0.231667 0.525 0.218333 0.5225 0.205 0.5225 0.198333 0.51 0.193333 0.4825 0.193333 0.455 0.195 0.4375 0.193333 0.4325 0.185 0.435 0.17 0.45 0.16 0.4675 0.153333
4 0.52 0.316667 0.53 0.285 0.5425 0.26 0.5725 0.263333 0.6075 0.278333 0.625 0.291667 0.6225 0.315 0.62 0.35 0.62 0.38 0.6175 0.395 0.6175 0.401667 0.6175 0.41 0.615 0.416667 0.6175 0.436667 0.5925 0.421667 0.5875 0.388333 0.565 0.36 0.52 0.316667 0.44 0.305 0.43 0.323333 0.4175 0.343333 0.41 0.375 0.4075 0.398333 0.385 0.43 0.355 0.458333 0.35 0.448333 0.35 0.433333 0.3625 0.391667 0.3725 0.355 0.375 0.313333 0.375 0.288333 0.39 0.276667 0.42 0.27 0.4425 0.26 0.445 0.278333 0.4425 0.286667 0.44 0.305
2 0.5425 0.648333 0.5725 0.708333 0.5725 0.718333 0.58 0.736667 0.58 0.748333 0.5775 0.763333 0.5675 0.793333 0.5625 0.808333 0.535 0.816667 0.505 0.811667 0.505 0.793333 0.5175 0.766667 0.5175 0.756667 0.5175 0.746667 0.51 0.733333 0.5075 0.725 0.47 0.671667 0.51 0.661667 0.5175 0.643333 0.5225 0.635 0.5375 0.638333 0.5425 0.648333 0.5425 0.648333 0.5725 0.708333 0.5725 0.718333 0.58 0.736667 0.58 0.748333 0.5775 0.763333 0.5675 0.793333 0.5625 0.808333 0.535 0.816667 0.505 0.811667 0.505 0.793333 0.5175 0.766667 0.5175 0.756667 0.5175 0.746667 0.51 0.733333 0.5075 0.725 0.47 0.671667 0.51 0.661667 0.5175 0.643333 0.5225 0.635 0.5375 0.638333 0.5425 0.648333
