11 0.5875 0.0516667 0.5675 0.0583333 0.5375 0.0766667 0.53 0.065 0.5575 0.0316667 0.555 0.0266667 0.585 0.00666667 0.6175 0.00166667 0.655 0.0116667 0.6775 0.025 0.68 0.035 0.6925 0.0466667 0.6875 0.0566667 0.68 0.0583333 0.6825 0.0816667 0.6675 0.085 0.6375 0.0566667 0.6125 0.0533333 0.5875 0.05
8 0.6175 0.238333 0.595 0.263333 0.5675 0.27 0.5825 0.286667 0.57 0.3 0.5575 0.301667 0.5475 0.33 0.5425 0.3 0.5475 0.271667 0.5175 0.255 0.505 0.235 0.505 0.213333 0.47 0.258333 0.465 0.32 0.445 0.333333 0.4475 0.355 0.4475 0.381667 0.4275 0.395 0.4175 0.423333 0.4075 0.438333 0.4075 0.465 0.5025 0.48 0.535 0.495 0.6225 0.485 0.635 0.455 0.64 0.435 0.635 0.415 0.63 0.386667 0.645 0.331667 0.6325 0.261667 0.62 0.238333
2 0.43 0.761667 0.405 0.82 0.3925 0.853333 0.3675 0.873333 0.355 0.886667 0.3675 0.895 0.4125 0.905 0.44 0.888333 0.46 0.868333 0.4625 0.833333 0.4525 0.803333 0.44 0.761667 0.4325 0.761667
2 0.43 0.761667 0.405 0.82 0.3925 0.853333 0.3675 0.873333 0.355 0.886667 0.3675 0.895 0.4125 0.905 0.44 0.888333 0.46 0.868333 0.4625 0.833333 0.4525 0.803333 0.44 0.761667 0.4325 0.761667
4 0.4725 0.165 0.465 0.163333 0.4625 0.163333 0.435 0.163333 0.4025 0.205 0.375 0.28 0.365 0.303333 0.3575 0.328333 0.355 0.356667 0.3575 0.371667 0.3575 0.373333 0.3825 0.361667 0.4225 0.35 0.44 0.256667 0.4625 0.186667 0.4725 0.165 0.4575 0.215 0.4525 0.281667 0.43 0.331667 0.4325 0.37 0.415 0.408333 0.4125 0.423333 0.4175 0.426667 0.43 0.395 0.4475 0.378333 0.4475 0.355 0.45 0.333333 0.465 0.32 0.47 0.256667 0.505 0.21 0.4975 0.203333 0.615 0.216667 0.6375 0.206667 0.655 0.175 0.6625 0.165 0.69 0.168333 0.7325 0.18 0.7575 0.233333 0.745 0.316667 0.7325 0.36 0.7425 0.378333 0.7075 0.411667 0.6925 0.393333 0.675 0.386667 0.655 0.448333 0.6375 0.415 0.6325 0.391667 0.645 0.331667 0.6375 0.261667 0.6175 0.216667 0.615 0.216667 0.4975 0.203333 0.4925 0.181667 0.5225 0.158333 0.5225 0.158333 0.495 0.161667 0.49 0.17 0.4575 0.215
7 0.6275 0.565 0.5775 0.65 0.56 0.686667 0.5325 0.738333 0.5325 0.785 0.5275 0.79 0.51 0.8 0.4525 0.806667 0.4325 0.745 0.4225 0.685 0.39 0.555 0.41 0.558333 0.41 0.55 0.4275 0.55 0.4225 0.518333 0.445 0.52 0.4425 0.501667 0.515 0.516667 0.5825 0.531667 0.5925 0.543333 0.5825 0.565 0.6025 0.568333 0.6325 0.56
0 0.3625 0.455 0.32 0.505 0.32 0.526667 0.3275 0.525 0.3275 0.57 0.3375 0.565 0.3625 0.545 0.3725 0.568333 0.395 0.55 0.375 0.526667 0.365 0.516667 0.3625 0.49 0.3725 0.473333 0.365 0.456667 0.3625 0.455 0.415 0.405 0.4225 0.346667 0.44 0.258333 0.465 0.185 0.475 0.165 0.49 0.168333 0.4875 0.175 0.485 0.175 0.46 0.213333 0.45 0.283333 0.43 0.333333 0.4325 0.37 0.415 0.405
8 0.545 0.27 0.57 0.271667 0.5975 0.26 0.615 0.241667 0.6 0.241667 0.595 0.243333 0.6 0.241667 0.555 0.241667 0.505 0.233333 0.5175 0.256667 0.545 0.27 0.4225 0.465 0.4975 0.48 0.535 0.495 0.6125 0.488333 0.6125 0.488333 0.59 0.513333 0.535 0.5 0.4925 0.483333 0.43 0.471667 0.4225 0.465
8 0.43 0.475 0.44 0.505 0.515 0.516667 0.5825 0.53 0.59 0.515 0.535 0.5 0.4875 0.483333 0.4825 0.483333
2 0.51 0.8 0.45 0.803333 0.4725 0.846667 0.48 0.868333 0.47 0.891667 0.4375 0.928333 0.4425 0.943333 0.48 0.958333 0.51 0.943333 0.515 0.923333 0.5425 0.905 0.54 0.865 0.5325 0.831667 0.525 0.791667 0.5075 0.8 0.51 0.8 0.51 0.8 0.45 0.803333 0.4725 0.846667 0.48 0.868333 0.47 0.891667 0.4375 0.928333 0.4425 0.943333 0.48 0.958333 0.51 0.943333 0.515 0.923333 0.5425 0.905 0.54 0.865 0.5325 0.831667 0.525 0.791667 0.5075 0.8 0.51 0.8
