1 0.4575 0.423333 0.5175 0.416667 0.555 0.41 0.5875 0.416667 0.5775 0.421667 0.5175 0.436667 0.475 0.443333 0.4525 0.443333
9 0.455 0.443333 0.4425 0.471667 0.4425 0.493333 0.43 0.531667 0.4975 0.531667 0.5025 0.543333 0.55 0.543333 0.615 0.531667 0.6525 0.53 0.665 0.511667 0.675 0.48 0.67 0.451667 0.635 0.441667 0.6075 0.468333 0.5725 0.49 0.555 0.486667 0.525 0.461667 0.5025 0.46 0.5375 0.44 0.58 0.433333 0.5925 0.423333 0.5375 0.43 0.5075 0.44
7 0.4325 0.533333 0.415 0.641667 0.41 0.668333 0.4375 0.701667 0.4625 0.765 0.4875 0.8 0.555 0.798333 0.5475 0.766667 0.545 0.738333 0.525 0.698333 0.5075 0.675 0.5175 0.623333 0.53 0.678333 0.55 0.701667 0.555 0.766667 0.5625 0.81 0.595 0.818333 0.63 0.823333 0.645 0.786667 0.65 0.73 0.635 0.691667 0.62 0.651667 0.6325 0.6 0.6425 0.528333 0.605 0.533333 0.5475 0.545 0.4975 0.543333 0.495 0.531667
2 0.475 0.795 0.48 0.806667 0.455 0.816667 0.45 0.841667 0.4725 0.851667 0.4825 0.82 0.4975 0.866667 0.4875 0.915 0.4625 0.92 0.4475 0.925 0.445 0.941667 0.4625 0.96 0.4625 0.931667 0.5025 0.926667 0.5225 0.911667 0.5425 0.875 0.55 0.81 0.5675 0.798333 0.55 0.801667 0.5025 0.801667
2 0.475 0.795 0.48 0.806667 0.455 0.816667 0.45 0.841667 0.4725 0.851667 0.4825 0.82 0.4975 0.866667 0.4875 0.915 0.4625 0.92 0.4475 0.925 0.445 0.941667 0.4625 0.96 0.4625 0.931667 0.5025 0.926667 0.5225 0.911667 0.5425 0.875 0.55 0.81 0.5675 0.798333 0.55 0.801667 0.5025 0.801667
4 0.5175 0.19 0.485 0.213333 0.475 0.305 0.495 0.401667 0.51 0.406667 0.5625 0.398333 0.6 0.391667 0.5975 0.423333 0.6725 0.453333 0.7125 0.458333 0.7375 0.433333 0.745 0.396667 0.7425 0.363333 0.755 0.333333 0.7275 0.258333 0.6875 0.181667 0.65 0.166667 0.5925 0.15 0.5775 0.146667 0.555 0.195 0.555 0.235 0.5625 0.353333 0.5475 0.395 0.525 0.386667 0.505 0.371667 0.505 0.305 0.5025 0.23 0.5175 0.19 0.4925 0.193333 0.5025 0.163333 0.4525 0.193333 0.4575 0.236667 0.445 0.241667 0.425 0.31 0.4425 0.391667 0.4475 0.406667 0.465 0.373333 0.4725 0.236667 0.4925 0.193333
8 0.4775 0.241667 0.4575 0.285 0.465 0.371667 0.445 0.413333 0.455 0.418333 0.4825 0.42 0.5025 0.408333 0.4875 0.383333 0.475 0.275 0.48 0.245
8 0.5325 0.405 0.5975 0.391667 0.595 0.413333 0.5575 0.415
11 0.5775 0.025 0.5325 0.0266667 0.5025 0.0283333 0.475 0.05 0.495 0.0566667 0.5425 0.085 0.5925 0.126667 0.605 0.113333 0.6275 0.08 0.62 0.05 0.5925 0.0283333
2 0.55 0.808333 0.5425 0.875 0.5225 0.915 0.5075 0.928333 0.465 0.935 0.46 0.948333 0.475 0.965 0.525 0.973333 0.57 0.975 0.61 0.931667 0.61 0.975 0.64 0.973333 0.66 0.888333 0.6325 0.866667 0.63 0.84 0.64 0.815 0.6175 0.823333 0.59 0.82 0.55 0.808333 0.55 0.808333 0.5425 0.875 0.5225 0.915 0.5075 0.928333 0.465 0.935 0.46 0.948333 0.475 0.965 0.525 0.973333 0.57 0.975 0.61 0.931667 0.61 0.975 0.64 0.973333 0.66 0.888333 0.6325 0.866667 0.63 0.84 0.64 0.815 0.6175 0.823333 0.59 0.82 0.55 0.808333
