10 0.4375 0.518333 0.4375 0.6 0.425 0.673333 0.375 0.646667 0.3725 0.596667 0.34 0.583333 0.345 0.605 0.355 0.615 0.3475 0.628333 0.355 0.646667 0.345 0.656667 0.3925 0.708333 0.46 0.718333 0.5725 0.723333 0.605 0.718333 0.61 0.698333 0.6 0.666667 0.605 0.645 0.6175 0.583333 0.5975 0.591667 0.6 0.626667 0.545 0.638333 0.5425 0.71 0.5025 0.685 0.5175 0.526667
0 0.305 0.615 0.285 0.636667 0.27 0.651667 0.24 0.663333 0.24 0.798333 0.2525 0.845 0.3025 0.85 0.375 0.845 0.4 0.716667 0.34 0.651667 0.3625 0.643333 0.345 0.621667 0.3375 0.606667 0.3225 0.603333
4 0.425 0.673333 0.44 0.585 0.4375 0.475 0.4375 0.466667 0.445 0.425 0.375 0.406667 0.345 0.435 0.33 0.47 0.2975 0.531667 0.33 0.56 0.34 0.581667 0.375 0.595 0.3775 0.646667 0.425 0.673333 0.5 0.683333 0.5425 0.71 0.545 0.635 0.6 0.626667 0.6 0.588333 0.62 0.575 0.625 0.53 0.615 0.478333 0.5825 0.456667 0.555 0.436667 0.6125 0.415 0.605 0.425 0.445 0.413333 0.4175 0.371667 0.4125 0.345 0.4275 0.328333 0.44 0.298333 0.4375 0.273333 0.4175 0.285 0.38 0.338333 0.3775 0.373333 0.3675 0.386667 0.3875 0.405 0.445 0.413333 0.605 0.425 0.575 0.418333 0.5775 0.428333 0.525 0.42 0.565 0.35 0.555 0.326667 0.5475 0.258333 0.575 0.265 0.61 0.331667 0.6225 0.375 0.6125 0.415 0.555 0.436667 0.5225 0.44 0.5125 0.541667 0.5 0.683333
1 0.4525 0.418333 0.4675 0.416667 0.4825 0.413333 0.5 0.42 0.5675 0.426667 0.5725 0.436667 0.54 0.436667 0.5125 0.435 0.435 0.478333 0.44 0.466667 0.49 0.435 0.46 0.43 0.445 0.423333 0.375 0.408333 0.3875 0.405 0.44 0.415
8 0.5725 0.265 0.6075 0.32 0.6225 0.376667 0.6325 0.351667 0.66 0.366667 0.6975 0.356667 0.725 0.335 0.695 0.308333 0.6525 0.278333
8 0.42 0.28 0.3575 0.311667 0.34 0.338333 0.3275 0.346667 0.3225 0.393333 0.3475 0.396667 0.375 0.396667 0.3725 0.385 0.3825 0.343333 0.4075 0.305
8 0.44 0.306667 0.4275 0.331667 0.41 0.343333 0.42 0.378333 0.44 0.411667 0.5225 0.423333 0.5625 0.361667 0.565 0.338333 0.5475 0.285 0.5325 0.306667 0.515 0.326667 0.495 0.335 0.46 0.331667
8 0.445 0.428333 0.4375 0.466667 0.49 0.436667
8 0.44 0.476667 0.4375 0.52 0.5175 0.528333 0.5175 0.436667
8 0.4525 0.298333 0.455 0.318333 0.475 0.326667 0.495 0.326667 0.5125 0.32 0.53 0.295 0.4875 0.308333
3 0.6825 0.896667 0.695 0.916667 0.7225 0.928333 0.74 0.913333 0.7475 0.888333 0.7375 0.875 0.7075 0.83 0.7 0.823333 0.6875 0.823333 0.725 0.865 0.73 0.876667 0.725 0.888333 0.7075 0.898333
3 0.445 0.848333 0.435 0.863333 0.445 0.901667 0.4525 0.918333 0.47 0.928333 0.4875 0.935 0.5025 0.928333 0.5125 0.9 0.505 0.893333 0.4925 0.901667 0.4725 0.903333 0.45 0.9 0.4425 0.863333
