4 0.4025 0.353333 0.41 0.44 0.3925 0.513333 0.405 0.546667 0.4825 0.551667 0.5825 0.531667 0.6375 0.511667 0.6475 0.485 0.6275 0.431667 0.6275 0.393333 0.6625 0.293333 0.685 0.248333 0.675 0.195 0.6425 0.168333 0.61 0.16 0.57 0.186667 0.54 0.191667 0.4625 0.23 0.455 0.258333 0.46 0.266667 0.5275 0.231667 0.5525 0.221667 0.5825 0.198333 0.61 0.183333 0.6325 0.186667 0.655 0.2 0.6625 0.228333 0.605 0.303333 0.49 0.331667 0.445 0.348333 0.4025 0.353333 0.39 0.338333 0.37 0.32 0.385 0.283333 0.38 0.24 0.4175 0.22 0.425 0.203333 0.4075 0.166667 0.3525 0.176667 0.315 0.233333 0.305 0.306667 0.31 0.335 0.2775 0.411667 0.2625 0.485 0.27 0.518333 0.295 0.541667 0.305 0.525 0.305 0.495 0.335 0.44 0.375 0.361667 0.39 0.338333
7 0.3025 0.546667 0.3125 0.571667 0.2975 0.578333 0.355 0.685 0.35 0.708333 0.3775 0.793333 0.365 0.808333 0.3825 0.868333 0.4125 0.865 0.445 0.846667 0.44 0.81 0.435 0.758333 0.45 0.775 0.45 0.82 0.4425 0.891667 0.4775 0.906667 0.51 0.893333 0.5275 0.811667 0.5275 0.766667 0.52 0.718333 0.5575 0.615 0.56 0.566667 0.4825 0.55 0.4025 0.546667 0.3925 0.52 0.36 0.515 0.36 0.525 0.3075 0.54
3 0.425 0.943333 0.405 0.975 0.4225 0.991667 0.44 0.993333 0.4675 0.988333 0.485 0.975 0.4925 0.941667 0.51 0.898333 0.5 0.9 0.4825 0.955 0.4575 0.96 0.44 0.956667
3 0.43 0.863333 0.4275 0.881667 0.43 0.905 0.4375 0.903333 0.435 0.875 0.44 0.86
8 0.6075 0.185 0.5725 0.198333 0.565 0.216667 0.46 0.263333 0.455 0.245 0.4625 0.235 0.44 0.226667 0.4075 0.225 0.3825 0.236667 0.3775 0.273333 0.3775 0.288333 0.37 0.318333 0.3875 0.338333 0.36 0.38 0.3025 0.501667 0.305 0.538333 0.3175 0.536667 0.3525 0.53 0.3625 0.518333 0.3975 0.523333 0.4 0.49 0.4125 0.453333 0.41 0.355 0.44 0.351667 0.51 0.326667 0.6025 0.306667 0.6425 0.268333 0.665 0.223333 0.6625 0.2 0.6425 0.188333
8 0.2675 0.426667 0.2275 0.515 0.245 0.523333 0.275 0.521667 0.265 0.481667 0.275 0.44
8 0.48 0.548333 0.57 0.531667 0.5775 0.571667 0.5625 0.583333 0.56 0.566667
0 0.2475 0.571667 0.2175 0.641667 0.195 0.708333 0.2375 0.775 0.265 0.813333 0.295 0.818333 0.3725 0.801667 0.375 0.783333 0.355 0.726667 0.3425 0.68 0.34 0.661667 0.2875 0.56 0.27 0.563333 0.2475 0.648333 0.2325 0.641667 0.2475 0.6 0.2575 0.573333
3 0.3625 0.905 0.3525 0.931667 0.3525 0.946667 0.37 0.961667 0.3875 0.96 0.41 0.955 0.4175 0.93 0.415 0.921667 0.3925 0.926667 0.37 0.923333
3 0.425 0.943333 0.405 0.975 0.4225 0.991667 0.44 0.993333 0.4675 0.988333 0.485 0.975 0.4925 0.941667 0.51 0.898333 0.5 0.9 0.4825 0.955 0.4575 0.96 0.44 0.956667
