3 0.3475 0.95 0.355 0.96 0.4 0.956667 0.38 0.948333 0.355 0.946667
3 0.3475 0.95 0.355 0.96 0.4 0.956667 0.38 0.948333 0.355 0.946667
1 0.4675 0.431667 0.4175 0.431667 0.36 0.43 0.355 0.426667 0.3625 0.42 0.37 0.42 0.3775 0.423333 0.465 0.426667
0 0.5375 0.508333 0.525 0.521667 0.5 0.538333 0.4925 0.536667 0.4875 0.55 0.4575 0.546667 0.47 0.56 0.5375 0.57 0.5875 0.566667 0.6125 0.561667 0.6225 0.545 0.6275 0.521667 0.62 0.498333 0.6225 0.476667 0.61 0.431667 0.6175 0.403333 0.6125 0.376667 0.61 0.383333 0.605 0.413333 0.6 0.428333 0.5825 0.426667 0.56 0.476667 0.5375 0.508333 0.495 0.488333 0.505 0.47 0.5125 0.455 0.5275 0.423333 0.495 0.423333 0.495 0.415 0.4825 0.403333 0.4775 0.396667 0.4725 0.39 0.4775 0.388333 0.475 0.378333 0.4625 0.326667 0.4475 0.278333 0.4575 0.265 0.45 0.261667 0.4375 0.276667 0.44 0.345 0.4475 0.393333 0.4625 0.396667 0.465 0.408333 0.46 0.423333 0.4675 0.426667 0.4675 0.446667 0.4525 0.448333 0.4525 0.478333 0.4725 0.488333 0.485 0.491667 0.495 0.488333
9 0.4675 0.426667 0.46 0.421667 0.3725 0.418333 0.3775 0.423333 0.4675 0.426667 0.4675 0.431667 0.36 0.43 0.3575 0.433333 0.36 0.446667 0.345 0.456667 0.345 0.475 0.34 0.501667 0.3475 0.508333 0.3475 0.536667 0.365 0.54 0.3725 0.543333 0.43 0.548333 0.46 0.551667 0.4575 0.545 0.4425 0.535 0.4375 0.516667 0.4575 0.498333 0.4525 0.49 0.4525 0.448333 0.4675 0.445 0.4675 0.431667
6 0.56 0.123333 0.5375 0.118333 0.5175 0.116667 0.5125 0.111667 0.495 0.113333 0.48 0.12 0.4675 0.133333 0.45 0.131667 0.44 0.138333 0.4375 0.145 0.44 0.153333 0.45 0.166667 0.4575 0.163333 0.465 0.155 0.47 0.146667 0.47 0.136667 0.4775 0.14 0.4875 0.145 0.5025 0.146667 0.5275 0.133333 0.525 0.128333 0.565 0.128333
4 0.6125 0.193333 0.59 0.19 0.5675 0.2 0.555 0.211667 0.5475 0.233333 0.54 0.246667 0.52 0.253333 0.5025 0.261667 0.48 0.266667 0.4725 0.293333 0.4725 0.336667 0.47 0.363333 0.4775 0.386667 0.475 0.39 0.4825 0.4 0.495 0.415 0.495 0.423333 0.525 0.423333 0.53 0.415 0.53 0.405 0.5425 0.391667 0.57 0.393333 0.5925 0.4 0.5925 0.408333 0.5825 0.428333 0.5975 0.428333 0.605 0.415 0.61 0.38 0.61 0.368333 0.6175 0.341667 0.635 0.296667 0.645 0.271667 0.6525 0.248333 0.645 0.216667 0.6325 0.198333
4 0.4175 0.3 0.4225 0.316667 0.4175 0.33 0.4025 0.351667 0.395 0.365 0.39 0.361667 0.3975 0.338333 0.4 0.32 0.4075 0.303333
8 0.39 0.366667 0.3775 0.381667 0.375 0.396667 0.375 0.411667 0.375 0.416667 0.46 0.421667 0.465 0.408333 0.4625 0.395 0.4475 0.393333 0.44 0.341667 0.4375 0.275 0.45 0.261667 0.4475 0.255 0.425 0.27 0.42 0.281667 0.4175 0.298333 0.4225 0.318333 0.4025 0.351667
8 0.4775 0.265 0.465 0.27 0.46 0.265 0.4475 0.278333 0.47 0.361667 0.4725 0.336667 0.4725 0.291667 0.48 0.266667
3 0.5575 0.875 0.5025 0.9 0.445 0.913333 0.43 0.906667 0.3925 0.918333 0.405 0.925 0.41 0.938333 0.38 0.933333 0.3775 0.943333 0.41 0.956667 0.4775 0.961667 0.5575 0.955 0.575 0.903333 0.5325 0.915 0.53 0.908333 0.57 0.886667 0.5575 0.875 0.5575 0.875 0.5025 0.9 0.445 0.913333 0.43 0.906667 0.3925 0.918333 0.405 0.925 0.41 0.938333 0.38 0.933333 0.3775 0.943333 0.41 0.956667 0.4775 0.961667 0.5575 0.955 0.575 0.903333 0.5325 0.915 0.53 0.908333 0.57 0.886667 0.5575 0.875
