1 0.425 0.343333 0.455 0.348333 0.47 0.355 0.49 0.351667 0.53 0.363333 0.5575 0.373333 0.5575 0.393333 0.515 0.393333 0.4675 0.383333 0.455 0.375 0.43 0.38 0.4075 0.373333
8 0.49 0.211667 0.4675 0.226667 0.44 0.286667 0.425 0.341667 0.4575 0.35 0.47 0.355 0.4975 0.35 0.52 0.358333 0.57 0.311667 0.58 0.236667 0.5475 0.241667 0.505 0.226667
8 0.4075 0.375 0.395 0.426667 0.4475 0.436667 0.51 0.443333 0.52 0.415 0.5075 0.391667 0.46 0.383333 0.455 0.376667
4 0.57 0.313333 0.5175 0.361667 0.5675 0.371667
4 0.5175 0.398333 0.5175 0.418333 0.51 0.448333 0.5225 0.48 0.55 0.485 0.58 0.48 0.5675 0.455 0.5625 0.42 0.5575 0.398333
12 0.4975 0.181667 0.49 0.2 0.505 0.228333 0.5275 0.238333 0.57 0.238333 0.5875 0.238333 0.63 0.26 0.63 0.3 0.6375 0.36 0.6275 0.416667 0.68 0.415 0.695 0.408333 0.695 0.388333 0.7075 0.393333 0.7275 0.373333 0.73 0.361667 0.725 0.346667 0.72 0.31 0.6825 0.251667 0.6475 0.215 0.615 0.203333 0.6075 0.185 0.6 0.17 0.5825 0.183333 0.5675 0.2 0.5325 0.203333 0.515 0.196667
4 0.4875 0.21 0.495 0.176667 0.4675 0.183333 0.44 0.183333 0.4175 0.195 0.37 0.205 0.3475 0.245 0.31 0.296667 0.27 0.405 0.2525 0.46 0.255 0.485 0.2425 0.498333 0.255 0.501667 0.275 0.5 0.3125 0.488333 0.33 0.485 0.355 0.478333 0.3725 0.493333 0.385 0.473333 0.4 0.411667 0.4175 0.346667 0.4325 0.335 0.43 0.3 0.445 0.291667 0.47 0.238333 0.4875 0.21 0.58 0.241667 0.565 0.31 0.5725 0.371667 0.5675 0.423333 0.5675 0.46 0.5825 0.478333 0.565 0.485 0.56 0.545 0.5875 0.545 0.5875 0.555 0.615 0.563333 0.635 0.55 0.6425 0.531667 0.6625 0.531667 0.67 0.556667 0.6825 0.555 0.6875 0.536667 0.6875 0.485 0.6925 0.433333 0.6925 0.408333 0.675 0.418333 0.6225 0.416667 0.64 0.36 0.6325 0.3 0.63 0.258333 0.58 0.241667
9 0.3975 0.423333 0.395 0.448333 0.3625 0.523333 0.37 0.528333 0.44 0.528333 0.505 0.526667 0.5575 0.54 0.5675 0.483333 0.5325 0.483333 0.515 0.473333 0.51 0.443333 0.4475 0.44
0 0.2575 0.503333 0.235 0.511667 0.2275 0.526667 0.2375 0.531667 0.1975 0.565 0.2 0.578333 0.2075 0.588333 0.22 0.593333 0.22 0.601667 0.2075 0.621667 0.205 0.633333 0.2175 0.643333 0.2175 0.663333 0.23 0.673333 0.2375 0.681667 0.2475 0.683333 0.2475 0.675 0.3 0.686667 0.32 0.695 0.3225 0.69 0.375 0.691667 0.3975 0.681667 0.4075 0.686667 0.415 0.676667 0.4125 0.636667 0.4 0.601667 0.4 0.573333 0.41 0.565 0.3775 0.541667 0.3425 0.506667 0.33 0.496667 0.355 0.488333 0.35 0.48 0.32 0.488333 0.3225 0.508333 0.3375 0.546667 0.295 0.54 0.2925 0.528333 0.2925 0.516667 0.2725 0.5
3 0.6375 0.783333 0.6425 0.813333 0.6375 0.823333 0.62 0.826667 0.605 0.811667 0.605 0.823333 0.615 0.838333 0.6275 0.848333 0.63 0.845 0.66 0.88 0.67 0.9 0.685 0.913333 0.7 0.91 0.715 0.898333 0.7275 0.88 0.7275 0.868333 0.7125 0.848333 0.7025 0.836667 0.685 0.815 0.67 0.803333 0.6625 0.795
3 0.475 0.833333 0.465 0.841667 0.4625 0.856667 0.465 0.876667 0.4725 0.868333 0.475 0.871667 0.4725 0.898333 0.4675 0.906667 0.47 0.921667 0.52 0.921667 0.5325 0.92 0.5325 0.905 0.53 0.886667 0.53 0.87 0.5275 0.855 0.535 0.87 0.5375 0.863333 0.53 0.836667 0.52 0.828333 0.51 0.825 0.5125 0.836667 0.4975 0.836667
