8 0.51 0.338333 0.515 0.34 0.515 0.356667 0.5225 0.358333 0.5275 0.34 0.54 0.34 0.55 0.36 0.495 0.368333 0.51 0.338333 0.52 0.296667 0.495 0.275 0.495 0.276667 0.4875 0.28 0.455 0.261667 0.45 0.25 0.485 0.268333 0.495 0.276667 0.495 0.275 0.5025 0.263333 0.525 0.245 0.5225 0.29 0.52 0.296667
4 0.515 0.331667 0.4925 0.373333 0.465 0.436667 0.45 0.476667 0.4375 0.53 0.43 0.55 0.4325 0.565 0.43 0.576667 0.4125 0.578333 0.39 0.585 0.365 0.593333 0.355 0.585 0.355 0.545 0.3675 0.533333 0.3775 0.491667 0.355 0.485 0.31 0.476667 0.3125 0.44 0.32 0.436667 0.3225 0.361667 0.32 0.285 0.3225 0.226667 0.3375 0.206667 0.3725 0.195 0.385 0.19 0.3925 0.206667 0.4575 0.261667 0.49 0.28 0.5175 0.306667 0.515 0.331667 0.535 0.331667 0.53 0.321667 0.52 0.293333 0.5225 0.243333 0.535 0.23 0.5425 0.173333 0.545 0.158333 0.6025 0.15 0.6275 0.161667 0.6575 0.195 0.685 0.246667 0.7075 0.315 0.7225 0.338333 0.7225 0.373333 0.72 0.393333 0.7025 0.393333 0.6525 0.395 0.65 0.401667 0.645 0.443333 0.63 0.481667 0.6175 0.503333 0.6225 0.545 0.6325 0.563333 0.6675 0.565 0.685 0.556667 0.69 0.536667 0.6825 0.471667 0.6925 0.421667 0.72 0.475 0.735 0.546667 0.7375 0.586667 0.6725 0.586667 0.67 0.581667 0.64 0.586667 0.6025 0.586667 0.59 0.526667 0.5975 0.48 0.59 0.435 0.565 0.38 0.55 0.358333 0.54 0.341667 0.535 0.331667
9 0.6425 0.591667 0.4975 0.606667 0.4325 0.605 0.3925 0.596667 0.3675 0.59 0.42 0.578333 0.4325 0.575 0.4325 0.543333 0.44 0.518333 0.4675 0.43 0.495 0.37 0.5 0.366667 0.55 0.358333 0.565 0.38 0.59 0.436667 0.5975 0.478333 0.59 0.526667 0.605 0.586667 0.67 0.583333 0.67 0.588333
3 0.48 0.981667 0.475 0.993333 0.47 0.996667 0.4525 0.993333 0.44 0.993333 0.41 0.973333 0.4075 0.95 0.405 0.94 0.3975 0.936667 0.4075 0.933333 0.4075 0.923333 0.395 0.918333 0.4 0.913333 0.4025 0.901667 0.395 0.883333 0.3975 0.861667 0.41 0.863333 0.4225 0.873333 0.4325 0.878333 0.445 0.878333 0.4525 0.873333 0.4525 0.865 0.4625 0.873333 0.4575 0.88 0.435 0.885 0.415 0.883333 0.4175 0.89 0.4475 0.891667 0.465 0.888333 0.4625 0.898333 0.435 0.9 0.415 0.896667 0.4225 0.901667 0.465 0.901667 0.47 0.9 0.465 0.905 0.41 0.908333 0.415 0.918333 0.4675 0.916667 0.4675 0.925 0.45 0.926667 0.415 0.926667 0.4125 0.933333 0.4425 0.933333 0.4725 0.93 0.47 0.94 0.4075 0.941667 0.4175 0.95 0.4725 0.945 0.48 0.956667 0.4475 0.955 0.4225 0.96 0.4175 0.965 0.4675 0.956667 0.48 0.958333 0.4825 0.97 0.4625 0.965 0.4325 0.968333 0.43 0.976667 0.445 0.983333 0.47 0.983333
3 0.5375 0.865 0.51 0.918333 0.4925 0.96 0.495 0.981667 0.5075 0.995 0.5375 0.995 0.5525 0.981667 0.5675 0.965 0.5725 0.93 0.5825 0.886667 0.5825 0.875 0.5825 0.873333 0.5575 0.878333 0.55 0.878333 0.5425 0.873333
3 0.54 0.98 0.5075 0.98 0.4975 0.975 0.5 0.968333 0.5225 0.966667 0.5425 0.973333
3 0.5525 0.963333 0.4975 0.961667 0.5 0.953333 0.5425 0.955 0.56 0.96
3 0.505 0.94 0.5625 0.941667 0.565 0.948333 0.5 0.946667
3 0.5175 0.923333 0.5625 0.926667 0.5625 0.933333 0.515 0.928333
3 0.5275 0.893333 0.565 0.901667 0.5625 0.908333 0.5275 0.903333
3 0.52 0.91 0.5625 0.913333 0.5575 0.92 0.535 0.918333 0.5225 0.915
3 0.5375 0.88 0.57 0.885 0.5725 0.89 0.555 0.893333 0.535 0.885
