1 0.4375 0.393333 0.4475 0.378333 0.495 0.383333 0.5175 0.381667 0.55 0.386667 0.615 0.395 0.6525 0.393333 0.65 0.41 0.5575 0.408333 0.445 0.4
5 0.4475 0.378333 0.4775 0.331667 0.5 0.318333 0.5125 0.291667 0.505 0.278333 0.5 0.266667 0.495 0.228333 0.5 0.236667 0.5425 0.211667 0.5825 0.213333 0.5975 0.226667 0.615 0.238333 0.6225 0.218333 0.625 0.19 0.64 0.198333 0.6475 0.231667 0.6625 0.286667 0.6625 0.331667 0.6575 0.345 0.6575 0.361667 0.65 0.378333 0.6475 0.393333 0.6125 0.395 0.55 0.386667 0.5175 0.38 0.495 0.383333 0.4475 0.378333 0.4375 0.393333 0.4475 0.4 0.5725 0.408333 0.6525 0.411667 0.6525 0.431667 0.6575 0.49 0.66 0.511667 0.655 0.546667 0.6425 0.6 0.635 0.62 0.63 0.645 0.605 0.653333 0.575 0.653333 0.5175 0.65 0.465 0.648333 0.4375 0.651667 0.395 0.638333 0.385 0.613333 0.3975 0.611667 0.39 0.571667 0.415 0.543333 0.41 0.526667 0.3975 0.511667 0.405 0.475 0.415 0.44 0.4275 0.406667 0.4375 0.393333
0 0.205 0.453333 0.2125 0.44 0.2225 0.433333 0.2225 0.416667 0.23 0.41 0.255 0.37 0.275 0.346667 0.295 0.335 0.3175 0.326667 0.35 0.33 0.355 0.335 0.32 0.338333 0.3025 0.35 0.285 0.356667 0.2525 0.403333 0.2575 0.421667 0.26 0.431667 0.2525 0.441667 0.2425 0.463333 0.25 0.463333 0.315 0.458333 0.32 0.45 0.325 0.441667 0.34 0.43 0.3625 0.4 0.3775 0.395 0.38 0.398333 0.3825 0.411667 0.3825 0.431667 0.3775 0.461667 0.375 0.488333 0.3975 0.511667 0.41 0.526667 0.415 0.545 0.3925 0.571667 0.395 0.613333 0.38 0.611667 0.3675 0.62 0.3675 0.645 0.355 0.661667 0.345 0.673333 0.3125 0.686667 0.2725 0.681667 0.2475 0.685 0.225 0.673333 0.205 0.673333 0.16 0.653333 0.1525 0.605 0.15 0.581667 0.1425 0.568333 0.11 0.548333 0.13 0.53 0.1125 0.508333 0.095 0.485 0.1125 0.478333 0.155 0.468333 0.1925 0.46
4 0.4875 0.178333 0.4925 0.226667 0.5 0.266667 0.4875 0.263333 0.4725 0.266667 0.4575 0.268333 0.44 0.288333 0.435 0.306667 0.4275 0.316667 0.405 0.326667 0.3875 0.326667 0.355 0.383333 0.3525 0.391667 0.3925 0.388333 0.415 0.376667 0.4375 0.361667 0.4625 0.343333 0.4625 0.331667 0.475 0.331667 0.4475 0.378333 0.425 0.406667 0.4125 0.44 0.405 0.46 0.395 0.468333 0.3775 0.468333 0.3775 0.461667 0.38 0.43 0.3825 0.41 0.3775 0.395 0.36 0.403333 0.35 0.41 0.345 0.401667 0.29 0.39 0.275 0.371667 0.2825 0.356667 0.31 0.338333 0.325 0.335 0.355 0.335 0.35 0.33 0.32 0.326667 0.295 0.333333 0.2825 0.338333 0.2975 0.313333 0.3125 0.293333 0.3225 0.275 0.33 0.25 0.3375 0.23 0.3425 0.213333 0.35 0.21 0.3625 0.211667 0.3625 0.225 0.35 0.248333 0.35 0.263333 0.35 0.266667 0.3325 0.283333 0.34 0.298333 0.3475 0.315 0.3625 0.315 0.385 0.305 0.3975 0.3 0.4175 0.275 0.4425 0.275 0.45 0.26 0.4525 0.226667 0.4675 0.2 0.4675 0.186667 0.4775 0.181667 0.4875 0.178333 0.59 0.163333 0.59 0.153333 0.64 0.173333 0.6625 0.185 0.6925 0.195 0.6975 0.203333 0.7175 0.206667 0.7275 0.215 0.7275 0.23 0.7225 0.243333 0.725 0.318333 0.7225 0.403333 0.725 0.471667 0.73 0.493333 0.675 0.488333 0.675 0.455 0.6775 0.411667 0.67 0.375 0.6625 0.33 0.66 0.283333 0.6475 0.23 0.64 0.195 0.6225 0.186667 0.615 0.173333 0.59 0.163333
4 0.63 0.646667 0.6375 0.615 0.645 0.596667 0.655 0.546667 0.6625 0.508333 0.6575 0.485 0.6525 0.43 0.65 0.406667 0.65 0.391667 0.6475 0.378333 0.6575 0.36 0.6575 0.341667 0.6625 0.33 0.67 0.378333 0.6775 0.415 0.675 0.488333 0.73 0.495 0.715 0.501667 0.71 0.535 0.71 0.553333 0.6975 0.548333 0.6725 0.543333 0.67 0.576667 0.665 0.596667 0.6575 0.636667 0.66 0.643333 0.6375 0.651667 0.63 0.646667 0.3675 0.621667 0.365 0.648333 0.38 0.65 0.3525 0.391667 0.355 0.381667 0.3875 0.325 0.405 0.326667 0.4325 0.315 0.435 0.325 0.435 0.333333 0.4525 0.341667 0.46 0.345 0.435 0.363333 0.3925 0.388333 0.3525 0.391667 0.38 0.65 0.3925 0.638333 0.385 0.615 0.38 0.611667 0.3675 0.621667
8 0.56 0.2 0.5975 0.193333 0.5875 0.158333 0.61 0.171667 0.6275 0.19 0.6225 0.22 0.6125 0.24 0.6 0.226667 0.5775 0.211667 0.5425 0.211667 0.5 0.236667 0.4925 0.225 0.4925 0.176667
3 0.4125 0.865 0.375 0.87 0.37 0.85 0.3725 0.831667 0.38 0.835 0.4025 0.843333 0.43 0.833333 0.4375 0.863333
3 0.4925 0.881667 0.4825 0.89 0.4475 0.886667 0.4425 0.873333 0.445 0.848333 0.4525 0.831667 0.455 0.821667 0.5075 0.818333 0.5075 0.836667 0.4575 0.835 0.4475 0.851667 0.4675 0.851667 0.5 0.855 0.5125 0.856667 0.5025 0.873333
7 0.4825 0.65 0.465 0.696667 0.4475 0.725 0.4375 0.773333 0.425 0.806667 0.43 0.833333 0.405 0.841667 0.38 0.836667 0.3675 0.821667 0.35 0.763333 0.345 0.73 0.355 0.695 0.36 0.656667 0.3625 0.646667 0.38 0.65 0.3925 0.636667 0.435 0.65 0.47 0.65 0.4825 0.65 0.52 0.795 0.5575 0.776667 0.5775 0.751667 0.585 0.725 0.605 0.681667 0.6225 0.648333 0.605 0.651667 0.44 0.863333 0.4475 0.85 0.4575 0.833333 0.51 0.838333 0.5125 0.841667 0.51 0.856667 0.495 0.855 0.4675 0.851667 0.4475 0.85 0.44 0.863333 0.445 0.888333 0.4425 0.896667 0.395 0.895 0.38 0.893333 0.3775 0.88 0.375 0.871667 0.415 0.865 0.44 0.863333 0.605 0.651667 0.515 0.65 0.4925 0.65 0.4825 0.676667 0.4875 0.711667 0.475 0.751667 0.4725 0.775 0.455 0.81 0.455 0.821667 0.5075 0.818333 0.5075 0.805 0.52 0.795
3 0.4175 0.923333 0.4275 0.915 0.4575 0.92 0.4525 0.9 0.4525 0.888333 0.44 0.896667 0.3975 0.896667 0.375 0.893333 0.3825 0.911667 0.4075 0.931667 0.425 0.938333 0.445 0.935 0.4525 0.926667 0.4175 0.923333 0.4175 0.923333 0.4275 0.915 0.4575 0.92 0.4525 0.9 0.4525 0.888333 0.44 0.896667 0.3975 0.896667 0.375 0.893333 0.3825 0.911667 0.4075 0.931667 0.425 0.938333 0.445 0.935 0.4525 0.926667 0.4175 0.923333
