0 0.3925 0.501667 0.38 0.541667 0.375 0.563333 0.3625 0.595 0.36 0.605 0.355 0.618333 0.35 0.621667 0.34 0.621667 0.3375 0.618333 0.3375 0.61 0.3375 0.6 0.3425 0.591667 0.3575 0.57 0.365 0.553333 0.375 0.525 0.3825 0.488333 0.3925 0.433333 0.4025 0.386667 0.41 0.333333 0.4175 0.303333 0.4275 0.278333 0.4325 0.265 0.445 0.263333 0.4375 0.298333 0.4275 0.323333 0.4175 0.351667 0.415 0.375 0.415 0.386667 0.4075 0.411667 0.4025 0.451667 0.3975 0.485
8 0.42 0.295 0.4175 0.306667 0.405 0.293333 0.4025 0.27 0.405 0.261667 0.4325 0.261667 0.43 0.278333 0.42 0.295 0.435 0.298333 0.44 0.315 0.44 0.33 0.4425 0.336667 0.4725 0.34 0.515 0.348333 0.52 0.38 0.53 0.413333 0.53 0.421667 0.52 0.425 0.52 0.436667 0.5375 0.438333 0.545 0.428333 0.545 0.42 0.5375 0.415 0.55 0.385 0.56 0.341667 0.56 0.343333 0.55 0.381667 0.54 0.406667 0.5375 0.411667 0.5325 0.411667 0.525 0.383333 0.52 0.363333 0.52 0.351667 0.535 0.353333 0.5475 0.345 0.56 0.343333 0.56 0.341667 0.59 0.335 0.6125 0.33 0.6275 0.325 0.6275 0.316667 0.6375 0.31 0.6375 0.296667 0.6325 0.276667 0.6275 0.256667 0.655 0.261667 0.6425 0.316667 0.6375 0.331667 0.6475 0.34 0.6525 0.358333 0.6475 0.391667 0.64 0.42 0.6375 0.441667 0.6375 0.453333 0.62 0.458333 0.6025 0.461667 0.5675 0.466667 0.5175 0.47 0.455 0.46 0.4225 0.446667 0.4175 0.413333 0.415 0.381667 0.4175 0.35 0.425 0.33 0.43 0.315 0.435 0.298333
10 0.635 0.461667 0.61 0.471667 0.58 0.475 0.5375 0.473333 0.495 0.471667 0.455 0.463333 0.44 0.451667 0.495 0.466667 0.54 0.468333 0.58 0.463333 0.6275 0.453333 0.635 0.461667 0.6425 0.468333 0.6575 0.49 0.6675 0.533333 0.6675 0.555 0.665 0.576667 0.6625 0.595 0.6625 0.625 0.6575 0.635 0.655 0.656667 0.655 0.673333 0.655 0.68 0.635 0.683333 0.6125 0.688333 0.595 0.685 0.5875 0.68 0.57 0.676667 0.5675 0.681667 0.565 0.695 0.5525 0.698333 0.535 0.7 0.53 0.693333 0.5175 0.698333 0.505 0.69 0.505 0.683333 0.5025 0.675 0.5 0.676667 0.495 0.683333 0.4825 0.69 0.4625 0.69 0.445 0.686667 0.4475 0.666667 0.435 0.665 0.4075 0.661667 0.3875 0.655 0.365 0.641667 0.35 0.635 0.355 0.606667 0.3725 0.558333 0.3925 0.506667 0.3975 0.485 0.415 0.465 0.425 0.466667 0.45 0.475 0.4925 0.481667 0.5325 0.486667 0.5375 0.491667 0.57 0.49 0.6125 0.481667 0.625 0.478333 0.6425 0.468333
1 0.6375 0.473333 0.615 0.481667 0.6025 0.486667 0.6 0.481667 0.59 0.483333 0.59 0.488333 0.575 0.488333 0.5675 0.488333 0.5375 0.49 0.53 0.485 0.505 0.483333 0.4575 0.478333 0.4225 0.466667 0.4175 0.46 0.4175 0.45 0.435 0.456667 0.455 0.465 0.48 0.468333 0.5225 0.475 0.5475 0.475 0.5825 0.473333 0.61 0.468333 0.625 0.465 0.63 0.461667 0.6375 0.461667 0.6375 0.468333
3 0.62 0.898333 0.61 0.918333 0.5975 0.926667 0.575 0.93 0.56 0.921667 0.555 0.91 0.55 0.896667 0.5675 0.891667 0.57 0.88 0.5475 0.885 0.5475 0.878333 0.57 0.876667 0.5675 0.868333 0.545 0.871667 0.5425 0.863333 0.5625 0.863333 0.565 0.858333 0.5425 0.853333 0.54 0.846667 0.5625 0.851667 0.56 0.845 0.5375 0.836667 0.54 0.833333 0.5575 0.84 0.5575 0.831667 0.54 0.828333 0.54 0.823333 0.55 0.823333 0.5625 0.823333 0.5725 0.823333 0.5825 0.825 0.59 0.831667 0.605 0.858333 0.615 0.885 0.6175 0.893333
3 0.5775 0.868333 0.5975 0.853333 0.605 0.865 0.6 0.87 0.5875 0.875 0.58 0.875
3 0.5825 0.881667 0.6075 0.871667 0.6125 0.881667 0.5975 0.886667 0.5825 0.89 0.5825 0.883333
3 0.5825 0.895 0.6075 0.886667 0.6125 0.896667 0.5925 0.908333
3 0.5125 0.886667 0.515 0.906667 0.505 0.921667 0.4875 0.925 0.47 0.923333 0.4525 0.91 0.4425 0.893333 0.4475 0.88 0.4825 0.883333 0.485 0.873333 0.45 0.87 0.45 0.865 0.4875 0.868333 0.485 0.863333 0.4575 0.855 0.4575 0.848333 0.485 0.856667 0.4875 0.85 0.4625 0.841667 0.46 0.831667 0.46 0.821667 0.475 0.823333 0.49 0.825 0.51 0.821667 0.5125 0.826667 0.515 0.851667 0.51 0.871667 0.5125 0.878333
3 0.4925 0.861667 0.51 0.86 0.51 0.871667 0.4925 0.87
3 0.4925 0.876667 0.51 0.875 0.51 0.885 0.4925 0.885
3 0.495 0.851667 0.5125 0.846667 0.51 0.855 0.495 0.86
3 0.46 0.895 0.5 0.895 0.5075 0.896667 0.5075 0.91 0.5 0.92 0.4675 0.913333 0.4575 0.903333
