12 0.45 0.235 0.4225 0.246667 0.405 0.26 0.3525 0.258333 0.3225 0.225 0.2975 0.263333 0.28 0.31 0.285 0.375 0.2725 0.406667 0.305 0.418333 0.33 0.405 0.325 0.293333 0.3475 0.315 0.385 0.313333 0.365 0.356667 0.3675 0.366667 0.4075 0.381667 0.4275 0.365 0.44 0.303333 0.45 0.235 0.5 0.253333 0.5 0.27 0.54 0.24 0.565 0.221667 0.56 0.21 0.55 0.178333 0.515 0.176667 0.5 0.193333 0.5175 0.2 0.5175 0.23 0.5 0.253333
8 0.3675 0.451667 0.3375 0.521667 0.315 0.523333 0.3 0.555 0.3575 0.556667 0.475 0.551667 0.5225 0.563333 0.535 0.535 0.5325 0.518333 0.4675 0.525 0.395 0.531667 0.3725 0.455
4 0.375 0.378333 0.3825 0.446667 0.39 0.451667 0.4575 0.445 0.5475 0.421667 0.54 0.401667 0.5475 0.361667 0.555 0.321667 0.575 0.286667 0.58 0.246667 0.56 0.226667 0.5125 0.256667 0.5 0.275 0.4575 0.276667 0.44 0.271667 0.4225 0.361667 0.41 0.378333 0.375 0.378333 0.3675 0.373333 0.3675 0.341667 0.36 0.321667 0.3275 0.305 0.33 0.391667 0.32 0.411667 0.3 0.42 0.2725 0.41 0.285 0.373333 0.285 0.3 0.2775 0.318333 0.2725 0.378333 0.25 0.425 0.235 0.468333 0.2775 0.451667 0.3 0.438333 0.31 0.448333 0.32 0.443333 0.34 0.401667 0.3675 0.373333
4 0.3825 0.376667 0.3675 0.376667 0.33 0.421667 0.3125 0.458333 0.3225 0.501667 0.3125 0.511667 0.33 0.523333 0.355 0.49 0.375 0.441667 0.3875 0.53 0.435 0.528333 0.5075 0.518333 0.53 0.515 0.5325 0.495 0.5475 0.48 0.535 0.426667 0.45 0.446667 0.3825 0.45 0.3825 0.376667 0.45 0.273333 0.4975 0.278333 0.505 0.241667 0.475 0.238333 0.4475 0.241667 0.45 0.273333
7 0.305 0.563333 0.3175 0.673333 0.3375 0.723333 0.385 0.838333 0.4 0.88 0.44 0.873333 0.4525 0.855 0.4725 0.846667 0.49 0.811667 0.5125 0.758333 0.5175 0.725 0.5075 0.67 0.505 0.643333 0.5225 0.563333 0.4825 0.555 0.42 0.556667 0.31 0.555
3 0.39 0.908333 0.3675 0.921667 0.3775 0.933333 0.395 0.92
3 0.475 0.836667 0.46 0.855 0.485 0.87 0.4975 0.868333 0.4925 0.846667
0 0.31 0.503333 0.28 0.511667 0.25 0.505 0.2425 0.475 0.2275 0.468333 0.215 0.486667 0.185 0.511667 0.1425 0.535 0.1225 0.546667 0.13 0.565 0.15 0.573333 0.1675 0.605 0.25 0.626667 0.28 0.626667 0.2975 0.611667 0.3 0.546667 0.31 0.503333 0.305 0.478333 0.305 0.441667 0.3 0.435 0.2925 0.463333 0.2975 0.478333 0.305 0.478333
11 0.3675 0.04 0.425 0.035 0.505 0.06 0.515 0.0883333 0.5225 0.168333 0.5 0.168333 0.4775 0.115 0.36 0.118333 0.335 0.201667 0.3075 0.216667 0.305 0.171667 0.3275 0.105 0.33 0.0633333
3 0.455 0.855 0.4425 0.871667 0.3975 0.883333 0.3875 0.926667 0.3675 0.955 0.3775 0.965 0.4225 0.965 0.4425 0.94 0.46 0.916667 0.4725 0.943333 0.4825 0.941667 0.475 0.91 0.4875 0.906667 0.4825 0.873333
