9 0.45 0.4 0.52 0.391667 0.5425 0.39 0.5575 0.405 0.57 0.45 0.5725 0.476667 0.605 0.478333 0.615 0.508333 0.5725 0.538333 0.5075 0.546667 0.4675 0.548333 0.47 0.528333 0.46 0.541667 0.4325 0.538333 0.4175 0.521667 0.4425 0.523333 0.455 0.505 0.4675 0.465 0.445 0.458333
0 0.3525 0.46 0.3525 0.451667 0.4425 0.458333 0.4625 0.463333 0.4625 0.473333 0.45 0.513333 0.4375 0.523333 0.3675 0.52 0.3525 0.506667 0.3625 0.493333 0.3825 0.506667 0.4 0.513333 0.395 0.503333 0.3525 0.46 0.3025 0.468333 0.2925 0.451667 0.2625 0.451667 0.2475 0.503333 0.2525 0.51 0.295 0.511667 0.2975 0.493333 0.3025 0.468333
1 0.4525 0.378333 0.45 0.393333 0.52 0.393333 0.54 0.388333 0.5225 0.375
8 0.465 0.155 0.45 0.161667 0.445 0.17 0.44 0.236667 0.4475 0.321667 0.4525 0.378333 0.5225 0.375 0.5475 0.393333 0.5525 0.4 0.5675 0.396667 0.55 0.336667 0.5375 0.296667 0.5425 0.24 0.5425 0.193333 0.4925 0.201667 0.4775 0.183333 0.4625 0.166667
6 0.4625 0.0933333 0.475 0.095 0.48 0.0883333 0.5025 0.0883333 0.53 0.103333 0.5475 0.101667 0.5725 0.103333 0.5825 0.11 0.585 0.118333 0.5825 0.126667 0.565 0.133333 0.5475 0.13 0.53 0.121667 0.53 0.108333 0.5025 0.121667 0.475 0.115 0.47 0.1
4 0.4425 0.205 0.4475 0.166667 0.4375 0.166667 0.4025 0.171667 0.3375 0.178333 0.325 0.19 0.29 0.251667 0.2925 0.326667 0.285 0.373333 0.2875 0.406667 0.2925 0.41 0.3 0.401667 0.3175 0.398333 0.3475 0.398333 0.345 0.433333 0.3525 0.453333 0.4375 0.458333 0.4425 0.425 0.45 0.396667 0.445 0.33 0.4425 0.245 0.4425 0.205 0.545 0.215 0.54 0.296667 0.57 0.395 0.56 0.403333 0.575 0.475 0.605 0.476667 0.6175 0.51 0.605 0.521667 0.6375 0.521667 0.65 0.513333 0.625 0.456667 0.6275 0.451667 0.645 0.455 0.645 0.38 0.645 0.355 0.61 0.35 0.585 0.3 0.565 0.241667 0.5525 0.211667 0.545 0.215
3 0.4625 0.93 0.435 0.926667 0.4225 0.928333 0.4125 0.94 0.415 0.95 0.45 0.951667 0.4725 0.948333 0.475 0.941667 0.4625 0.93 0.47 0.863333 0.4625 0.861667 0.4525 0.858333 0.4525 0.851667 0.4675 0.853333 0.47 0.863333
3 0.525 0.876667 0.5225 0.881667 0.53 0.888333 0.535 0.903333 0.54 0.893333 0.535 0.885
3 0.4675 0.866667 0.465 0.878333 0.4725 0.876667 0.495 0.87 0.5225 0.866667 0.515 0.856667 0.49 0.865
3 0.48 0.946667 0.5025 0.938333 0.5275 0.938333 0.5425 0.945 0.545 0.955 0.54 0.96 0.515 0.965 0.4925 0.965 0.48 0.96 0.4775 0.953333
