0 0.5625 0.403333 0.5825 0.433333 0.595 0.443333 0.6425 0.435 0.6325 0.415 0.62 0.385 0.595 0.385 0.5725 0.378333
1 0.32 0.443333 0.3825 0.45 0.41 0.453333 0.455 0.446667 0.515 0.435 0.52 0.456667 0.5 0.465 0.455 0.47 0.43 0.476667 0.3875 0.473333 0.345 0.466667 0.3175 0.46
6 0.4025 0.0716667 0.46 0.0783333 0.4775 0.07 0.4975 0.0733333 0.4825 0.095 0.465 0.101667 0.4525 0.0933333 0.455 0.0783333
0 0.5375 0.256667 0.4875 0.158333 0.495 0.16 0.535 0.24
8 0.345 0.278333 0.3125 0.365 0.2925 0.42 0.295 0.436667 0.3175 0.441667 0.38 0.448333 0.4075 0.451667 0.455 0.446667 0.515 0.435 0.5175 0.4 0.5125 0.35 0.515 0.325 0.51 0.306667 0.515 0.296667 0.4925 0.261667 0.475 0.243333 0.4425 0.223333 0.44 0.243333 0.3725 0.248333 0.36 0.238333
7 0.43 0.885 0.4025 0.801667 0.3775 0.726667 0.3775 0.701667 0.3225 0.575 0.3375 0.546667 0.3275 0.496667 0.3 0.455 0.325 0.461667 0.3875 0.473333 0.43 0.476667 0.4925 0.463333 0.5125 0.455 0.5375 0.51 0.5425 0.56 0.555 0.58 0.5775 0.585 0.5625 0.66 0.5675 0.743333 0.565 0.8 0.55 0.851667 0.5375 0.875 0.54 0.9 0.53 0.918333 0.5125 0.93 0.48 0.931667 0.445 0.921667 0.445 0.903333 0.435 0.893333
3 0.3925 0.921667 0.375 0.92 0.355 0.931667 0.355 0.943333 0.385 0.958333 0.3975 0.951667 0.4225 0.945 0.4375 0.935 0.3925 0.933333
3 0.3925 0.921667 0.375 0.92 0.355 0.931667 0.355 0.943333 0.385 0.958333 0.3975 0.951667 0.4225 0.945 0.4375 0.935 0.3925 0.933333
4 0.37 0.216667 0.36 0.236667 0.3425 0.278333 0.315 0.365 0.29 0.416667 0.295 0.436667 0.3 0.456667 0.3325 0.501667 0.3375 0.546667 0.3225 0.571667 0.3075 0.571667 0.2725 0.63 0.26 0.628333 0.2575 0.593333 0.2375 0.583333 0.2475 0.536667 0.245 0.495 0.205 0.47 0.215 0.451667 0.1675 0.408333 0.1575 0.383333 0.1725 0.343333 0.1825 0.256667 0.1925 0.205 0.2025 0.188333 0.2375 0.173333 0.28 0.161667 0.3375 0.123333 0.3225 0.141667 0.3425 0.181667 0.355 0.21 0.37 0.216667 0.44 0.223333 0.475 0.241667 0.4925 0.263333 0.515 0.295 0.5125 0.35 0.545 0.258333 0.585 0.261667 0.6025 0.263333 0.6275 0.278333 0.6175 0.286667 0.6075 0.311667 0.6325 0.335 0.62 0.35 0.555 0.363333 0.5725 0.376667 0.625 0.385 0.645 0.378333 0.6475 0.331667 0.66 0.318333 0.645 0.3 0.6275 0.278333 0.6025 0.263333 0.595 0.246667 0.6 0.231667 0.5775 0.2 0.5525 0.171667 0.525 0.158333 0.495 0.153333 0.495 0.161667 0.535 0.236667 0.545 0.258333 0.5125 0.35 0.515 0.396667 0.515 0.435 0.5175 0.455 0.5375 0.511667 0.545 0.561667 0.555 0.583333 0.565 0.586667 0.635 0.54 0.615 0.493333 0.6025 0.473333 0.595 0.443333 0.58 0.431667 0.565 0.405 0.5725 0.376667 0.56 0.363333 0.5125 0.35 0.515 0.295 0.525 0.288333 0.535 0.255 0.535 0.238333 0.485 0.16 0.4625 0.151667 0.4225 0.148333 0.4325 0.186667 0.44 0.223333
3 0.4 0.955 0.385 0.97 0.39 0.991667 0.3975 0.998333 0.4525 0.998333 0.4675 0.995 0.5 0.966667 0.53 0.938333 0.5325 0.918333 0.5125 0.931667 0.4875 0.968333 0.465 0.966667 0.425 0.963333 0.4 0.955 0.4 0.955 0.385 0.97 0.39 0.991667 0.3975 0.998333 0.4525 0.998333 0.4675 0.995 0.5 0.966667 0.53 0.938333 0.5325 0.918333 0.5125 0.931667 0.4875 0.968333 0.465 0.966667 0.425 0.963333 0.4 0.955
