1 0.18 0.446667 0.175 0.456667 0.2175 0.465 0.2475 0.46 0.2475 0.45 0.2125 0.455
8 0.1625 0.36 0.1825 0.388333 0.1975 0.396667 0.2175 0.391667 0.2325 0.386667 0.235 0.363333
5 0.1625 0.363333 0.165 0.391667 0.17 0.41 0.175 0.448333 0.1975 0.451667 0.2225 0.453333 0.245 0.448333 0.24 0.423333 0.235 0.386667 0.21 0.396667 0.1925 0.396667
5 0.175 0.458333 0.1825 0.503333 0.205 0.506667 0.21 0.525 0.2075 0.535 0.1875 0.563333 0.1925 0.573333 0.175 0.571667 0.1625 0.576667 0.0875 0.575 0.08 0.605 0.105 0.61 0.1275 0.616667 0.1625 0.621667 0.2075 0.623333 0.2225 0.618333 0.245 0.623333 0.2725 0.625 0.2925 0.618333 0.2975 0.611667 0.33 0.601667 0.3325 0.57 0.3025 0.571667 0.285 0.526667 0.26 0.483333 0.25 0.461667
0 0.11 0.498333 0.105 0.52 0.1125 0.53 0.1425 0.555 0.1575 0.571667 0.1825 0.573333 0.2 0.548333 0.21 0.518333 0.205 0.506667 0.185 0.501667 0.11 0.498333 0.0675 0.503333 0.0525 0.516667 0.05 0.531667 0.04 0.556667 0.0675 0.563333 0.0675 0.503333
4 0.135 0.318333 0.095 0.325 0.0775 0.341667 0.0625 0.393333 0.06 0.425 0.0675 0.44 0.0625 0.471667 0.06 0.491667 0.065 0.496667 0.0725 0.488333 0.1025 0.49 0.1175 0.498333 0.18 0.503333 0.18 0.468333 0.1675 0.413333 0.1625 0.373333 0.17 0.328333 0.1675 0.326667
4 0.2325 0.323333 0.235 0.371667 0.24 0.42 0.2525 0.466667 0.2725 0.5 0.2925 0.546667 0.305 0.575 0.3325 0.566667 0.3375 0.548333 0.34 0.535 0.3275 0.505 0.335 0.498333 0.3675 0.511667 0.3725 0.491667 0.3625 0.483333 0.345 0.423333 0.3375 0.398333 0.3375 0.366667 0.3225 0.333333 0.27 0.323333
7 0.22 0.621667 0.1975 0.623333 0.15 0.62 0.1175 0.613333 0.1325 0.65 0.145 0.691667 0.14 0.728333 0.15 0.758333 0.17 0.815 0.1725 0.83 0.1875 0.845 0.1975 0.868333 0.2125 0.871667 0.2375 0.87 0.25 0.861667 0.2425 0.845 0.245 0.826667 0.2425 0.815 0.2275 0.8 0.2225 0.751667 0.21 0.725 0.2175 0.705 0.2125 0.685 0.22 0.653333 0.22 0.621667 0.225 0.62 0.2325 0.646667 0.2425 0.685 0.255 0.708333 0.2575 0.725 0.2625 0.796667 0.2675 0.808333 0.2575 0.83 0.265 0.843333 0.265 0.863333 0.2925 0.863333 0.315 0.861667 0.315 0.838333 0.32 0.826667 0.315 0.818333 0.3225 0.808333 0.325 0.783333 0.3275 0.74 0.3225 0.71 0.315 0.68 0.3075 0.651667 0.3175 0.606667 0.2875 0.616667 0.27 0.626667 0.225 0.62
3 0.2 0.873333 0.2 0.885 0.2075 0.91 0.2225 0.921667 0.2375 0.925 0.265 0.921667 0.2675 0.91 0.265 0.895 0.255 0.881667 0.2475 0.866667
3 0.27 0.863333 0.27 0.878333 0.265 0.893333 0.2675 0.908333 0.27 0.915 0.2825 0.915 0.3 0.915 0.3175 0.905 0.32 0.883333 0.3175 0.868333 0.31 0.863333 0.2925 0.865
