8 0.4725 0.241667 0.4775 0.268333 0.505 0.266667 0.545 0.266667 0.54 0.25 0.51 0.258333
8 0.4325 0.495 0.435 0.531667 0.4725 0.531667 0.48 0.508333 0.49 0.526667 0.5175 0.523333 0.5175 0.496667 0.4875 0.496667
4 0.3975 0.285 0.4225 0.245 0.39 0.255 0.37 0.266667 0.335 0.356667 0.305 0.47 0.2925 0.511667 0.2925 0.545 0.31 0.54 0.335 0.541667 0.3475 0.49 0.355 0.403333 0.3675 0.335 0.3975 0.285 0.4625 0.283333 0.435 0.335 0.435 0.386667 0.425 0.411667 0.425 0.491667 0.5175 0.495 0.5275 0.428333 0.525 0.385 0.525 0.34 0.54 0.28 0.5575 0.271667 0.5975 0.288333 0.6 0.348333 0.5775 0.361667 0.5875 0.39 0.5825 0.428333 0.575 0.446667 0.5875 0.486667 0.62 0.486667 0.635 0.475 0.655 0.435 0.6825 0.37 0.6825 0.355 0.68 0.303333 0.6575 0.303333 0.6375 0.298333 0.6275 0.276667 0.6175 0.263333 0.6025 0.265 0.6075 0.251667 0.5925 0.245 0.5575 0.271667 0.54 0.28 0.475 0.276667 0.4625 0.283333
6 0.4575 0.205 0.4725 0.201667 0.5075 0.206667 0.5175 0.213333 0.53 0.205 0.57 0.205 0.58 0.215 0.5725 0.225 0.5325 0.228333 0.515 0.216667 0.5 0.228333 0.4725 0.228333 0.4575 0.22
12 0.4225 0.251667 0.3825 0.308333 0.365 0.34 0.3475 0.475 0.3375 0.541667 0.3575 0.596667 0.3825 0.706667 0.405 0.783333 0.405 0.808333 0.435 0.811667 0.4525 0.803333 0.4475 0.781667 0.4325 0.741667 0.43 0.706667 0.4175 0.645 0.4175 0.565 0.4275 0.546667 0.4325 0.498333 0.425 0.418333 0.4375 0.361667 0.4325 0.331667 0.4625 0.305 0.465 0.283333 0.4425 0.276667
12 0.545 0.271667 0.53 0.323333 0.525 0.36 0.53 0.453333 0.52 0.48 0.5175 0.533333 0.5 0.583333 0.4975 0.608333 0.51 0.656667 0.5325 0.688333 0.55 0.69 0.5625 0.625 0.575 0.573333 0.575 0.503333 0.5925 0.481667 0.5725 0.448333 0.5925 0.395 0.595 0.351667 0.6025 0.32 0.5925 0.285 0.585 0.27 0.56 0.27
7 0.43 0.535 0.42 0.575 0.4175 0.665 0.4375 0.725 0.4375 0.756667 0.455 0.793333 0.445 0.808333 0.44 0.818333 0.4125 0.811667 0.4075 0.82 0.42 0.845 0.445 0.863333 0.465 0.865 0.46 0.881667 0.4475 0.885 0.4525 0.906667 0.4725 0.903333 0.5075 0.916667 0.52 0.901667 0.525 0.89 0.535 0.89 0.5375 0.863333 0.535 0.851667 0.5525 0.813333 0.56 0.77 0.56 0.708333 0.565 0.681667 0.585 0.628333 0.605 0.59 0.62 0.58 0.615 0.511667 0.5775 0.515 0.58 0.575 0.5525 0.648333 0.5475 0.695 0.5225 0.685 0.4975 0.608333 0.5125 0.548333 0.5225 0.521667 0.4925 0.526667 0.48 0.506667 0.4725 0.533333
3 0.445 0.911667 0.43 0.951667 0.4475 0.963333 0.4775 0.96 0.5025 0.951667 0.51 0.935 0.5075 0.916667 0.485 0.906667 0.4625 0.905
3 0.425 0.848333 0.4125 0.898333 0.4275 0.933333 0.4375 0.94 0.4475 0.908333 0.45 0.901667 0.45 0.888333 0.4625 0.88 0.465 0.865 0.45 0.863333
0 0.3 0.585 0.2925 0.623333 0.295 0.633333 0.275 0.64 0.2625 0.651667 0.2625 0.673333 0.27 0.686667 0.2975 0.691667 0.325 0.693333 0.3525 0.688333 0.3625 0.675 0.3675 0.66 0.365 0.646667 0.3525 0.633333 0.3375 0.61 0.3275 0.59 0.325 0.595 0.34 0.63 0.3225 0.633333 0.2975 0.63 0.3025 0.61 0.305 0.588333
8 0.58 0.491667 0.62 0.485 0.6275 0.505 0.5825 0.513333
