10 0.3925 0.565 0.4475 0.561667 0.515 0.561667 0.5675 0.566667 0.62 0.568333 0.605 0.533333 0.575 0.536667 0.54 0.535 0.52 0.528333 0.44 0.518333 0.4125 0.513333 0.3725 0.528333 0.38 0.561667
8 0.4975 0.486667 0.455 0.483333 0.385 0.478333 0.3725 0.495 0.3675 0.505 0.37 0.53 0.4125 0.513333 0.4425 0.518333 0.5175 0.528333 0.5375 0.533333 0.58 0.535 0.5925 0.533333 0.6025 0.513333 0.59 0.498333 0.555 0.496667 0.4975 0.486667 0.565 0.261667 0.535 0.243333 0.5125 0.245 0.495 0.255 0.4825 0.243333 0.4825 0.236667 0.4775 0.231667 0.48 0.221667 0.5275 0.238333 0.535 0.236667 0.54 0.226667 0.55 0.225 0.565 0.261667
4 0.43 0.426667 0.4025 0.433333 0.3875 0.458333 0.385 0.478333 0.46 0.483333 0.4975 0.486667 0.555 0.495 0.59 0.498333 0.6025 0.511667 0.595 0.488333 0.585 0.481667 0.5925 0.45 0.6075 0.368333 0.6075 0.3 0.5675 0.261667 0.535 0.245 0.5125 0.245 0.495 0.256667 0.5375 0.288333 0.5375 0.305 0.5 0.348333 0.46 0.378333 0.485 0.378333 0.5125 0.381667 0.5125 0.385 0.4825 0.386667 0.4825 0.39 0.5075 0.4 0.5175 0.418333 0.505 0.428333 0.49 0.431667 0.465 0.42
7 0.39 0.57 0.3975 0.626667 0.39 0.678333 0.3825 0.715 0.4075 0.79 0.42 0.838333 0.4175 0.85 0.43 0.856667 0.4725 0.861667 0.4875 0.856667 0.4725 0.825 0.4575 0.76 0.47 0.685 0.4875 0.66 0.5 0.618333 0.505 0.603333 0.525 0.64 0.53 0.666667 0.4975 0.695 0.48 0.73 0.46 0.765 0.4725 0.828333 0.48 0.825 0.5075 0.778333 0.565 0.731667 0.5925 0.698333 0.6225 0.676667 0.6275 0.615 0.6175 0.568333 0.5625 0.566667 0.515 0.561667 0.445 0.561667 0.3875 0.566667
3 0.405 0.803333 0.3875 0.811667 0.39 0.838333 0.3725 0.861667 0.375 0.868333 0.4 0.836667 0.415 0.831667 0.42 0.828333 0.41 0.803333
3 0.405 0.803333 0.3875 0.811667 0.39 0.838333 0.3725 0.861667 0.375 0.868333 0.4 0.836667 0.415 0.831667 0.42 0.828333 0.41 0.803333
6 0.5275 0.173333 0.505 0.165 0.4725 0.171667 0.4775 0.191667 0.505 0.201667 0.525 0.19 0.535 0.188333 0.5375 0.203333 0.5725 0.206667 0.585 0.19 0.5775 0.175 0.545 0.175 0.5325 0.181667
12 0.485 0.278333 0.4775 0.31 0.445 0.37 0.4275 0.388333 0.405 0.388333 0.395 0.365 0.415 0.315 0.4475 0.306667 0.47 0.29 0.485 0.278333 0.62 0.303333 0.615 0.36 0.6075 0.371667 0.595 0.448333 0.59 0.485 0.6075 0.516667 0.615 0.54 0.66 0.526667 0.675 0.433333 0.665 0.366667 0.6325 0.291667 0.62 0.303333
4 0.425 0.396667 0.4275 0.386667 0.405 0.388333 0.395 0.365 0.415 0.313333 0.4475 0.306667 0.4275 0.301667 0.4325 0.288333 0.4425 0.268333 0.45 0.255 0.445 0.243333 0.45 0.233333 0.445 0.221667 0.445 0.21 0.4225 0.221667 0.38 0.218333 0.35 0.223333 0.335 0.253333 0.335 0.268333 0.26 0.321667 0.2425 0.34 0.235 0.356667 0.3 0.405 0.3225 0.418333 0.2875 0.458333 0.32 0.471667 0.355 0.475 0.32 0.533333 0.3475 0.543333 0.365 0.541667 0.3525 0.53 0.3725 0.496667 0.3825 0.476667 0.3875 0.455 0.4025 0.433333 0.4275 0.428333 0.41 0.425 0.425 0.396667 0.425 0.395 0.44 0.391667 0.4625 0.378333 0.495 0.348333 0.5 0.346667 0.5375 0.303333 0.54 0.288333 0.5675 0.258333 0.61 0.301667 0.6075 0.373333 0.6675 0.433333 0.665 0.478333 0.675 0.478333 0.7125 0.481667 0.6975 0.45 0.68 0.428333 0.6675 0.433333 0.6075 0.373333 0.6175 0.356667 0.6225 0.3 0.6325 0.29 0.645 0.266667 0.6225 0.253333 0.55 0.223333 0.5675 0.258333 0.54 0.288333 0.5175 0.28 0.5025 0.265 0.4825 0.275 0.48 0.31 0.4475 0.371667 0.425 0.395
3 0.4125 0.831667 0.4 0.836667 0.3925 0.858333 0.41 0.875 0.41 0.91 0.4225 0.91 0.425 0.888333 0.4575 0.92 0.5125 0.93 0.54 0.916667 0.5325 0.901667 0.5 0.885 0.4875 0.855 0.47 0.861667 0.4275 0.856667 0.415 0.848333 0.415 0.836667 0.4125 0.831667 0.4125 0.831667 0.4 0.836667 0.3925 0.858333 0.41 0.875 0.41 0.91 0.4225 0.91 0.425 0.888333 0.4575 0.92 0.5125 0.93 0.54 0.916667 0.5325 0.901667 0.5 0.885 0.4875 0.855 0.47 0.861667 0.4275 0.856667 0.415 0.848333 0.415 0.836667 0.4125 0.831667
