7 0.55 0.458333 0.5425 0.473333 0.535 0.486667 0.5225 0.536667 0.525 0.63 0.53 0.671667 0.55 0.731667 0.5575 0.741667 0.5625 0.748333 0.555 0.755 0.5675 0.798333 0.58 0.84 0.5875 0.858333 0.5975 0.905 0.61 0.935 0.6425 0.933333 0.675 0.928333 0.685 0.92 0.6875 0.878333 0.68 0.836667 0.675 0.813333 0.665 0.761667 0.6575 0.743333 0.655 0.733333 0.655 0.728333 0.6625 0.726667 0.6525 0.708333 0.66 0.685 0.655 0.658333 0.67 0.571667 0.6725 0.565 0.6925 0.631667 0.7025 0.66 0.705 0.693333 0.71 0.708333 0.7025 0.718333 0.7025 0.748333 0.7175 0.746667 0.7175 0.733333 0.7325 0.723333 0.75 0.7 0.785 0.698333 0.79 0.675 0.79 0.668333 0.7975 0.608333 0.795 0.605 0.7975 0.595 0.8025 0.575 0.81 0.551667 0.77 0.551667 0.7375 0.546667 0.695 0.535 0.6975 0.481667 0.695 0.466667 0.6575 0.473333 0.585 0.465
1 0.5525 0.448333 0.55 0.458333 0.585 0.465 0.655 0.473333 0.695 0.466667 0.695 0.458333 0.66 0.463333 0.63 0.463333 0.5825 0.455
8 0.5675 0.39 0.555 0.413333 0.5425 0.435 0.5375 0.448333 0.5525 0.448333 0.595 0.453333 0.6275 0.461667 0.6625 0.461667 0.6975 0.458333 0.7025 0.458333 0.705 0.425 0.71 0.375 0.71 0.37 0.6875 0.37 0.6725 0.378333 0.6525 0.39 0.61 0.4 0.595 0.398333 0.58 0.393333
12 0.63 0.158333 0.62 0.171667 0.62 0.183333 0.5975 0.205 0.6 0.225 0.605 0.23 0.6175 0.231667 0.6125 0.24 0.605 0.256667 0.6175 0.275 0.59 0.298333 0.555 0.315 0.52 0.33 0.5225 0.348333 0.515 0.373333 0.51 0.376667 0.5025 0.39 0.4875 0.396667 0.5025 0.406667 0.535 0.405 0.56 0.405 0.565 0.39 0.58 0.393333 0.595 0.398333 0.61 0.4 0.6525 0.39 0.6725 0.378333 0.6875 0.37 0.71 0.37 0.715 0.333333 0.71 0.315 0.7075 0.286667 0.7 0.283333 0.7225 0.276667 0.7425 0.243333 0.7575 0.22 0.7675 0.203333 0.7725 0.186667 0.7625 0.165 0.7425 0.176667 0.7375 0.183333 0.715 0.185 0.7 0.21 0.6875 0.23 0.6725 0.223333 0.6675 0.198333 0.6625 0.191667 0.6575 0.168333 0.6525 0.158333
6 0.645 0.116667 0.6775 0.12 0.68 0.13 0.6875 0.136667 0.6975 0.14 0.71 0.14 0.7175 0.135 0.725 0.126667 0.73 0.12 0.735 0.12 0.7375 0.128333 0.745 0.138333 0.7625 0.14 0.7725 0.133333 0.7825 0.121667 0.79 0.116667 0.7825 0.113333 0.77 0.11 0.745 0.11 0.735 0.115 0.72 0.115 0.72 0.111667 0.705 0.108333 0.685 0.113333 0.67 0.113333 0.645 0.111667
4 0.5575 0.223333 0.5275 0.248333 0.505 0.255 0.4775 0.276667 0.445 0.301667 0.43 0.326667 0.425 0.395 0.4275 0.451667 0.4075 0.505 0.4 0.563333 0.4 0.62 0.4125 0.64 0.425 0.64 0.42 0.666667 0.405 0.736667 0.395 0.788333 0.3975 0.8 0.4125 0.803333 0.4175 0.795 0.4275 0.765 0.425 0.79 0.4525 0.796667 0.49 0.796667 0.525 0.795 0.53 0.75 0.555 0.738333 0.55 0.731667 0.53 0.67 0.525 0.63 0.5225 0.536667 0.535 0.486667 0.5425 0.473333 0.55 0.458333 0.5525 0.448333 0.535 0.448333 0.5425 0.433333 0.5575 0.411667 0.5625 0.403333 0.535 0.405 0.5025 0.406667 0.4875 0.396667 0.5025 0.39 0.51 0.376667 0.515 0.373333 0.5225 0.348333 0.52 0.33 0.5225 0.32 0.5275 0.305 0.5275 0.276667 0.54 0.261667 0.5575 0.238333
4 0.79 0.198333 0.82 0.206667 0.8475 0.221667 0.855 0.236667 0.865 0.27 0.87 0.311667 0.87 0.355 0.865 0.401667 0.8675 0.45 0.87 0.488333 0.8725 0.523333 0.875 0.553333 0.8725 0.556667 0.84 0.55 0.81 0.551667 0.77 0.551667 0.7375 0.546667 0.695 0.535 0.6975 0.481667 0.695 0.466667 0.7025 0.458333 0.705 0.425 0.71 0.375 0.71 0.37 0.715 0.333333 0.7225 0.301667 0.72 0.288333 0.7075 0.286667 0.7225 0.276667 0.7425 0.241667 0.7575 0.22 0.7675 0.203333 0.7725 0.191667
0 0.7425 0.925 0.7625 0.93 0.7825 0.931667 0.82 0.931667 0.8425 0.93 0.8425 0.941667 0.8525 0.94 0.8525 0.93 0.885 0.92 0.925 0.911667 0.9475 0.901667 0.9575 0.885 0.955 0.855 0.9425 0.81 0.9425 0.795 0.9525 0.798333 0.9575 0.785 0.9575 0.768333 0.9425 0.765 0.94 0.75 0.93 0.733333 0.9275 0.728333 0.935 0.715 0.9275 0.698333 0.915 0.691667 0.895 0.693333 0.89 0.666667 0.875 0.633333 0.8725 0.621667 0.8725 0.605 0.8575 0.606667 0.85 0.613333 0.8525 0.633333 0.87 0.663333 0.87 0.693333 0.8675 0.7 0.81 0.71 0.8075 0.695 0.81 0.678333 0.8175 0.675 0.82 0.658333 0.825 0.633333 0.8275 0.606667 0.8225 0.59 0.815 0.595 0.7975 0.608333 0.79 0.668333 0.79 0.675 0.785 0.698333 0.75 0.7 0.7325 0.723333 0.7175 0.733333 0.7175 0.746667 0.7025 0.75 0.6925 0.75 0.7 0.791667 0.6825 0.803333 0.6925 0.818333 0.7025 0.815 0.6975 0.853333 0.695 0.906667 0.715 0.92
3 0.615 0.936667 0.61 0.958333 0.6025 0.973333 0.6075 0.983333 0.6225 0.986667 0.6525 0.988333 0.66 0.976667 0.665 0.955 0.66 0.938333 0.66 0.931667 0.6425 0.933333
3 0.6925 0.93 0.685 0.948333 0.6675 0.963333 0.6625 0.976667 0.6675 0.985 0.6925 0.988333 0.7125 0.988333 0.7225 0.98 0.725 0.96 0.7325 0.941667 0.72 0.933333
