1 0.47 0.378333 0.4675 0.416667 0.45 0.415 0.4525 0.375 0.47 0.378333 0.53 0.38 0.5975 0.38 0.6075 0.38 0.6075 0.413333 0.5975 0.425 0.575 0.426667 0.5475 0.42 0.53 0.42 0.53 0.38
8 0.53 0.38 0.59 0.378333 0.5975 0.36 0.615 0.35 0.62 0.311667 0.585 0.315 0.515 0.318333 0.5175 0.346667 0.53 0.38 0.55 0.42 0.535 0.423333 0.535 0.458333 0.5575 0.456667 0.605 0.451667 0.6025 0.421667 0.5775 0.428333 0.55 0.42
8 0.4625 0.526667 0.4575 0.491667 0.4625 0.45 0.47 0.431667 0.4775 0.421667 0.4675 0.415 0.4525 0.415 0.4475 0.42 0.4475 0.453333 0.4425 0.47 0.435 0.481667 0.435 0.515 0.4375 0.55 0.4625 0.526667 0.65 0.55 0.3625 0.516667 0.3425 0.52 0.2975 0.518333 0.3 0.511667 0.3325 0.513333 0.36 0.511667 0.3625 0.516667 0.65 0.55 0.6475 0.563333 0.695 0.565 0.6975 0.555 0.6675 0.553333 0.65 0.55
12 0.54 0.555 0.5475 0.498333 0.5475 0.458333 0.535 0.458333 0.535 0.423333 0.53 0.42 0.5275 0.38 0.5175 0.345 0.5125 0.318333 0.51 0.293333 0.49 0.285 0.475 0.256667 0.465 0.288333 0.47 0.326667 0.4575 0.348333 0.4525 0.366667 0.4525 0.376667 0.47 0.376667 0.4675 0.415 0.4775 0.42 0.4675 0.433333 0.4625 0.451667 0.4575 0.495 0.465 0.526667 0.5 0.565 0.515 0.58 0.53 0.576667 0.54 0.555 0.585 0.57 0.6025 0.581667 0.635 0.556667 0.66 0.538333 0.6625 0.493333 0.655 0.443333 0.66 0.39 0.665 0.351667 0.6625 0.313333 0.6575 0.295 0.64 0.313333 0.63 0.331667 0.6125 0.36 0.6075 0.38 0.6075 0.413333 0.6 0.42 0.6025 0.428333 0.605 0.451667 0.6025 0.473333 0.585 0.57
9 0.5025 0.565 0.465 0.526667 0.4375 0.55 0.44 0.565 0.48 0.57 0.5025 0.565 0.5425 0.538333 0.55 0.538333 0.5725 0.541667 0.59 0.543333 0.6025 0.473333 0.605 0.451667 0.55 0.456667 0.5475 0.498333 0.5425 0.538333
3 0.625 0.8 0.645 0.8 0.645 0.841667 0.65 0.866667 0.655 0.876667 0.64 0.888333 0.6275 0.896667 0.615 0.918333 0.59 0.926667 0.5625 0.926667 0.5575 0.905 0.5825 0.875 0.575 0.82 0.5775 0.813333 0.585 0.825 0.6175 0.826667 0.6275 0.848333 0.6225 0.816667
3 0.5325 0.798333 0.5225 0.81 0.4975 0.8 0.4825 0.811667 0.495 0.788333 0.4925 0.778333 0.475 0.78 0.4725 0.816667 0.46 0.848333 0.45 0.895 0.4725 0.91 0.5 0.9 0.5175 0.886667 0.5225 0.848333 0.525 0.836667 0.525 0.833333 0.53 0.813333
0 0.4475 0.215 0.4275 0.22 0.43 0.25 0.415 0.298333 0.405 0.378333 0.4275 0.31 0.445 0.283333 0.4575 0.25
12 0.32 0.411667 0.295 0.43 0.25 0.516667 0.235 0.545 0.2275 0.593333 0.2125 0.621667 0.225 0.625 0.22 0.686667 0.235 0.698333 0.2675 0.698333 0.3075 0.688333 0.3125 0.641667 0.3425 0.638333 0.355 0.6 0.325 0.593333 0.305 0.57 0.295 0.565 0.2975 0.528333 0.295 0.51 0.3125 0.453333 0.32 0.411667 0.38 0.425 0.385 0.401667 0.42 0.37 0.4175 0.443333 0.38 0.466667 0.38 0.425
4 0.475 0.251667 0.465 0.238333 0.455 0.246667 0.4475 0.281667 0.425 0.308333 0.405 0.375 0.4225 0.366667 0.4175 0.445 0.375 0.468333 0.38 0.42 0.3875 0.395 0.4075 0.378333 0.415 0.293333 0.4275 0.246667 0.43 0.216667 0.4175 0.216667 0.3975 0.22 0.3625 0.273333 0.355 0.311667 0.3325 0.35 0.3325 0.375 0.3125 0.401667 0.32 0.408333 0.3125 0.451667 0.2975 0.511667 0.3325 0.511667 0.365 0.508333 0.375 0.49 0.3825 0.495 0.3625 0.546667 0.3525 0.566667 0.37 0.583333 0.415 0.605 0.44 0.606667 0.45 0.595 0.44 0.561667 0.4375 0.541667 0.4325 0.511667 0.4325 0.476667 0.44 0.468333 0.45 0.45 0.4475 0.416667 0.4525 0.41 0.4525 0.368333 0.455 0.343333 0.47 0.323333 0.465 0.283333 0.475 0.251667 0.6525 0.218333 0.6575 0.27 0.6575 0.296667 0.665 0.316667 0.665 0.353333 0.655 0.443333 0.6625 0.491667 0.6575 0.54 0.6525 0.545 0.625 0.568333 0.62 0.6 0.6325 0.588333 0.6475 0.571667 0.645 0.558333 0.6525 0.545 0.6575 0.54 0.6525 0.551667 0.6975 0.555 0.7075 0.545 0.7075 0.498333 0.72 0.431667 0.7075 0.25 0.7025 0.233333 0.6525 0.218333
