12 0.4875 0.238333 0.4675 0.248333 0.47 0.263333 0.46 0.266667 0.455 0.261667 0.425 0.245 0.3925 0.238333 0.3775 0.238333 0.3775 0.241667 0.3775 0.248333 0.3825 0.258333 0.39 0.281667 0.3975 0.291667 0.4175 0.305 0.43 0.32 0.4475 0.34 0.4675 0.386667 0.485 0.398333 0.5075 0.403333 0.525 0.431667 0.525 0.451667 0.525 0.456667 0.5375 0.446667 0.545 0.44 0.5625 0.43 0.5575 0.416667 0.5525 0.376667 0.5375 0.345 0.505 0.316667 0.515 0.31 0.535 0.298333 0.5325 0.29 0.5325 0.278333 0.5225 0.258333 0.5175 0.246667 0.5075 0.243333 0.495 0.236667 0.49 0.226667 0.4825 0.235
4 0.52 0.518333 0.5225 0.53 0.555 0.546667 0.56 0.513333 0.5675 0.48 0.565 0.46 0.535 0.446667 0.525 0.453333 0.5225 0.463333 0.52 0.518333 0.405 0.496667 0.3975 0.5 0.395 0.513333 0.3925 0.526667 0.3825 0.538333 0.385 0.553333 0.3725 0.553333 0.3475 0.548333 0.35 0.535 0.3675 0.51 0.3825 0.496667 0.405 0.495 0.405 0.496667
4 0.4475 0.338333 0.4175 0.305 0.39 0.288333 0.39 0.271667 0.3775 0.258333 0.3675 0.26 0.355 0.303333 0.375 0.328333 0.405 0.381667 0.405 0.43 0.3825 0.496667 0.4 0.495 0.4375 0.48 0.4575 0.45 0.4675 0.385 0.4475 0.338333 0.505 0.315 0.5325 0.298333 0.55 0.29 0.5575 0.298333 0.5825 0.306667 0.5875 0.4 0.575 0.423333 0.5775 0.456667 0.57 0.48 0.565 0.481667 0.5675 0.46 0.5375 0.448333 0.555 0.435 0.565 0.426667 0.5575 0.416667 0.5525 0.376667 0.5375 0.345 0.505 0.315
1 0.51 0.466667 0.4475 0.476667 0.4375 0.48 0.45 0.463333 0.5075 0.456667 0.5275 0.451667 0.52 0.463333
8 0.51 0.466667 0.445 0.476667 0.4375 0.48 0.4075 0.493333 0.395 0.5 0.3925 0.526667 0.3825 0.535 0.3875 0.553333 0.3725 0.553333 0.345 0.548333 0.34 0.556667 0.4 0.556667 0.455 0.555 0.4975 0.545 0.5175 0.54 0.5225 0.531667 0.5175 0.515 0.5225 0.463333 0.51 0.466667 0.505 0.456667 0.45 0.463333 0.4525 0.461667 0.4575 0.45 0.4675 0.385 0.4875 0.4 0.5075 0.403333 0.525 0.431667 0.525 0.451667 0.505 0.456667
0 0.3 0.473333 0.29 0.495 0.29 0.506667 0.2825 0.501667 0.275 0.488333 0.2675 0.486667 0.2575 0.493333 0.265 0.495 0.2675 0.501667 0.2675 0.515 0.2575 0.513333 0.2525 0.511667 0.24 0.511667 0.24 0.516667 0.22 0.535 0.19 0.57 0.17 0.595 0.1675 0.601667 0.16 0.611667 0.1575 0.618333 0.1775 0.626667 0.21 0.638333 0.2475 0.645 0.2775 0.648333 0.2925 0.633333 0.3 0.626667 0.3075 0.618333 0.315 0.611667 0.3175 0.598333 0.3175 0.586667 0.325 0.58 0.3375 0.568333 0.34 0.558333 0.325 0.546667 0.3125 0.54 0.315 0.506667 0.3175 0.475 0.3175 0.451667 0.3175 0.428333 0.3175 0.421667 0.335 0.363333 0.3325 0.345 0.3225 0.35 0.3175 0.4 0.3 0.418333 0.295 0.456667 0.2975 0.468333
4 0.405 0.428333 0.405 0.378333 0.375 0.326667 0.355 0.305 0.33 0.308333 0.305 0.296667 0.3075 0.281667 0.3 0.278333 0.2925 0.28 0.2725 0.295 0.2575 0.31 0.265 0.315 0.265 0.323333 0.2625 0.336667 0.2525 0.365 0.25 0.378333 0.235 0.398333 0.2225 0.42 0.22 0.433333 0.205 0.456667 0.195 0.466667 0.19 0.47 0.1775 0.498333 0.17 0.506667 0.165 0.518333 0.155 0.535 0.155 0.536667 0.1375 0.553333 0.1325 0.56 0.14 0.561667 0.1325 0.568333 0.1125 0.58 0.11 0.6 0.105 0.61 0.11 0.615 0.13 0.616667 0.1425 0.613333 0.1475 0.595 0.1525 0.59 0.17 0.591667 0.17 0.596667 0.195 0.568333 0.22 0.533333 0.24 0.515 0.25 0.501667 0.255 0.495 0.265 0.486667 0.2775 0.47 0.2775 0.461667 0.285 0.458333 0.295 0.466667 0.3 0.438333 0.3 0.416667 0.31 0.408333 0.3175 0.401667 0.325 0.35 0.3325 0.345 0.3325 0.363333 0.32 0.41 0.32 0.423333 0.3175 0.428333 0.315 0.46 0.3175 0.475 0.3125 0.513333 0.3125 0.541667 0.325 0.55 0.3375 0.556667 0.35 0.533333 0.37 0.508333 0.3825 0.496667 0.405 0.428333 0.575 0.423333 0.585 0.398333 0.5825 0.306667 0.5925 0.306667 0.5925 0.338333 0.5925 0.356667 0.595 0.361667 0.595 0.365 0.6 0.386667 0.6025 0.398333 0.605 0.406667 0.6025 0.411667 0.61 0.421667 0.61 0.428333 0.605 0.436667 0.605 0.435 0.6025 0.435 0.6 0.436667 0.6075 0.508333 0.6075 0.548333 0.6125 0.556667 0.6125 0.565 0.6175 0.576667 0.6075 0.603333 0.605 0.606667 0.58 0.601667 0.5825 0.595 0.5775 0.583333 0.575 0.58 0.555 0.575 0.5575 0.565 0.555 0.558333 0.5525 0.545 0.5575 0.513333 0.5675 0.483333 0.5725 0.478333 0.58 0.451667 0.575 0.423333
7 0.315 0.623333 0.33 0.676667 0.33 0.698333 0.325 0.726667 0.325 0.748333 0.33 0.766667 0.35 0.795 0.3625 0.813333 0.375 0.821667 0.38 0.823333 0.405 0.823333 0.4175 0.813333 0.4225 0.811667 0.4225 0.801667 0.41 0.785 0.405 0.76 0.4 0.735 0.4 0.728333 0.4 0.723333 0.41 0.716667 0.415 0.693333 0.425 0.676667 0.425 0.665 0.425 0.656667 0.4375 0.615 0.44 0.613333 0.4575 0.626667 0.4825 0.65 0.4925 0.656667 0.5075 0.676667 0.5175 0.688333 0.5025 0.698333 0.4875 0.721667 0.48 0.731667 0.4725 0.756667 0.4675 0.765 0.465 0.77 0.4675 0.778333 0.49 0.786667 0.4975 0.788333 0.5075 0.79 0.515 0.79 0.525 0.785 0.525 0.78 0.525 0.773333 0.5525 0.745 0.5775 0.716667 0.6 0.693333 0.6075 0.681667 0.605 0.66 0.59 0.63 0.58 0.613333 0.57 0.615 0.565 0.606667 0.5625 0.581667 0.55 0.565 0.5275 0.541667 0.5225 0.533333 0.5175 0.54 0.455 0.555 0.3375 0.556667 0.3375 0.57 0.3175 0.59 0.3175 0.606667 0.31 0.618333
3 0.365 0.826667 0.3675 0.853333 0.3775 0.856667 0.3825 0.871667 0.3825 0.875 0.4 0.881667 0.43 0.896667 0.4675 0.905 0.5 0.903333 0.5125 0.895 0.505 0.88 0.49 0.871667 0.465 0.851667 0.445 0.826667 0.44 0.816667 0.425 0.805 0.42 0.813333 0.4125 0.821667 0.4025 0.823333 0.375 0.821667 0.36 0.813333 0.3625 0.82
3 0.46 0.761667 0.4425 0.781667 0.4425 0.785 0.4425 0.79 0.4275 0.801667 0.4275 0.805 0.4425 0.816667 0.4475 0.826667 0.4675 0.855 0.49 0.873333 0.51 0.88 0.51 0.886667 0.525 0.886667 0.54 0.885 0.535 0.871667 0.53 0.863333 0.515 0.843333 0.5075 0.838333 0.51 0.821667 0.51 0.806667 0.52 0.803333 0.54 0.818333 0.5325 0.808333 0.53 0.801667 0.52 0.788333 0.5225 0.783333 0.5125 0.79 0.49 0.788333 0.47 0.778333 0.465 0.77 0.4675 0.763333 0.4675 0.76
