5 0.59 0.448333 0.62 0.501667 0.655 0.563333 0.6875 0.555 0.7425 0.543333 0.7425 0.606667 0.7325 0.61 0.705 0.61 0.7125 0.576667 0.7 0.568333 0.6775 0.571667 0.63 0.593333 0.5975 0.608333 0.535 0.61 0.4975 0.615 0.455 0.618333 0.4275 0.613333 0.445 0.566667 0.455 0.53 0.4575 0.49 0.46 0.451667 0.4975 0.445 0.5175 0.443333 0.56 0.45 0.57 0.438333 0.59 0.448333 0.64 0.416667 0.63 0.408333 0.635 0.395 0.6225 0.376667 0.58 0.381667 0.535 0.378333 0.54 0.351667 0.5525 0.335 0.5575 0.295 0.56 0.265 0.575 0.246667 0.6125 0.286667 0.6275 0.288333 0.6475 0.268333 0.635 0.305 0.6275 0.346667 0.6225 0.376667 0.635 0.395 0.665 0.393333 0.6575 0.411667 0.64 0.416667
1 0.635 0.395 0.6425 0.373333 0.665 0.371667 0.6675 0.385 0.665 0.393333 0.635 0.395 0.615 0.396667 0.5775 0.396667 0.56 0.395 0.55 0.386667 0.5375 0.386667 0.535 0.38 0.58 0.381667 0.6225 0.376667 0.615 0.396667
0 0.7725 0.416667 0.825 0.478333 0.84 0.505 0.8175 0.521667 0.7575 0.533333 0.7425 0.543333 0.6875 0.555 0.655 0.563333 0.62 0.503333 0.5925 0.448333 0.57 0.438333 0.6 0.433333 0.62 0.446667 0.635 0.441667 0.64 0.426667 0.6325 0.413333 0.615 0.396667 0.6225 0.376667 0.6275 0.346667 0.635 0.31 0.65 0.301667 0.66 0.303333 0.6725 0.298333 0.6975 0.303333 0.7125 0.331667 0.7225 0.36 0.7075 0.37 0.6975 0.34 0.685 0.321667 0.6675 0.311667 0.6575 0.331667 0.65 0.356667 0.6425 0.373333 0.635 0.395 0.6325 0.408333 0.64 0.416667 0.6575 0.411667 0.705 0.403333 0.72 0.408333 0.745 0.401667 0.7575 0.396667
7 0.7 0.725 0.6925 0.768333 0.6775 0.83 0.6675 0.858333 0.64 0.856667 0.63 0.858333 0.62 0.851667 0.62 0.826667 0.6 0.836667 0.5875 0.833333 0.5825 0.808333 0.5675 0.778333 0.5575 0.755 0.5575 0.726667 0.565 0.705 0.555 0.676667 0.535 0.636667 0.5175 0.613333 0.5375 0.61 0.5975 0.608333 0.63 0.593333 0.6775 0.573333 0.7 0.568333 0.71 0.576667 0.705 0.61 0.6975 0.658333
3 0.61 0.866667 0.6175 0.863333 0.62 0.851667 0.6275 0.858333 0.6375 0.856667 0.66 0.861667 0.6675 0.858333 0.67 0.865 0.67 0.875 0.6775 0.885 0.6775 0.891667 0.675 0.896667 0.67 0.896667 0.6625 0.898333 0.6675 0.926667 0.665 0.953333 0.655 0.961667 0.625 0.963333 0.6025 0.963333 0.595 0.955 0.6025 0.928333 0.605 0.9 0.605 0.88 0.61 0.866667 0.61 0.866667 0.6175 0.863333 0.62 0.851667 0.62 0.833333 0.61 0.833333 0.6 0.836667 0.5875 0.833333 0.585 0.841667 0.5975 0.853333 0.6 0.868333 0.605 0.873333 0.61 0.866667
3 0.6825 0.916667 0.7025 0.906667 0.71 0.903333 0.7025 0.89 0.6925 0.88 0.67 0.868333 0.67 0.875 0.6775 0.885 0.6775 0.891667 0.675 0.896667 0.67 0.896667 0.6625 0.9 0.6675 0.915 0.6725 0.915
4 0.7025 0.37 0.69 0.381667 0.6975 0.393333 0.705 0.401667 0.6575 0.411667 0.665 0.393333 0.6675 0.385 0.665 0.37 0.6425 0.373333 0.65 0.356667 0.6575 0.331667 0.6675 0.311667 0.685 0.321667 0.6975 0.34 0.705 0.368333
4 0.7525 0.243333 0.7525 0.271667 0.75 0.286667 0.7425 0.306667 0.7375 0.313333 0.74 0.328333 0.74 0.343333 0.74 0.348333 0.755 0.363333 0.7575 0.376667 0.75 0.378333 0.735 0.368333 0.7225 0.36 0.7125 0.331667 0.6975 0.303333 0.6725 0.298333 0.66 0.303333 0.65 0.301667 0.635 0.31 0.635 0.305 0.6475 0.268333 0.6475 0.25 0.665 0.236667 0.6375 0.233333 0.645 0.218333 0.6525 0.203333 0.6525 0.193333 0.675 0.205 0.7 0.213333 0.7175 0.218333 0.7325 0.228333
4 0.535 0.241667 0.5375 0.293333 0.5325 0.336667 0.5325 0.36 0.535 0.38 0.5375 0.386667 0.55 0.386667 0.5625 0.395 0.575 0.406667 0.5675 0.416667 0.565 0.431667 0.565 0.443333 0.5575 0.45 0.5175 0.443333 0.4975 0.445 0.46 0.451667 0.4475 0.448333 0.4425 0.436667 0.4475 0.423333 0.4175 0.413333 0.395 0.401667 0.3875 0.381667 0.3925 0.35 0.4075 0.316667 0.43 0.28 0.4475 0.245 0.465 0.22 0.4875 0.216667 0.5125 0.208333 0.525 0.2 0.54 0.225 0.5525 0.238333 0.555 0.255 0.5525 0.263333 0.54 0.265
3 0.6825 0.916667 0.7025 0.906667 0.71 0.903333 0.7025 0.89 0.6925 0.88 0.67 0.868333 0.67 0.875 0.6775 0.885 0.6775 0.891667 0.675 0.896667 0.67 0.896667 0.6625 0.9 0.6675 0.915 0.6725 0.915
