1 0.455 0.515 0.485 0.503333 0.5025 0.513333 0.5525 0.506667 0.565 0.526667 0.505 0.536667
0 0.3475 0.483333 0.37 0.418333 0.415 0.285 0.435 0.226667 0.4425 0.205 0.415 0.195 0.4375 0.186667 0.455 0.186667 0.475 0.195 0.4325 0.315 0.38 0.45
8 0.5925 0.215 0.6125 0.215 0.63 0.215 0.6475 0.205 0.66 0.225 0.6325 0.241667 0.6025 0.238333
0 0.2625 0.615 0.2625 0.6 0.2625 0.585 0.2675 0.568333 0.2875 0.596667 0.3125 0.6 0.3125 0.586667 0.335 0.583333 0.33 0.61 0.35 0.625 0.345 0.638333 0.3125 0.636667 0.28 0.625
9 0.3975 0.623333 0.3375 0.615 0.3275 0.613333 0.3375 0.58 0.34 0.54 0.355 0.521667 0.39 0.53 0.43 0.533333 0.4525 0.511667 0.505 0.54 0.565 0.528333 0.595 0.55 0.6575 0.556667 0.6675 0.603333 0.6675 0.625 0.6175 0.63 0.505 0.61 0.49 0.598333 0.4675 0.613333
7 0.4925 0.595 0.4575 0.701667 0.4525 0.725 0.43 0.763333 0.4125 0.806667 0.3825 0.871667 0.3675 0.935 0.31 0.928333 0.3075 0.908333 0.345 0.85 0.3325 0.79 0.335 0.768333 0.335 0.753333 0.3525 0.73 0.355 0.7 0.35 0.613333 0.3975 0.621667 0.4625 0.611667 0.4925 0.595 0.4975 0.611667 0.6275 0.633333 0.5775 0.73 0.575 0.761667 0.56 0.8 0.53 0.856667 0.55 0.916667 0.53 0.926667 0.4875 0.918333 0.4825 0.901667 0.48 0.878333 0.485 0.846667 0.49 0.803333 0.485 0.761667 0.4975 0.74 0.485 0.713333 0.485 0.695 0.4975 0.678333 0.4975 0.611667
3 0.4975 0.956667 0.49 0.948333 0.48 0.93 0.4825 0.913333 0.495 0.925 0.5325 0.93 0.5525 0.918333 0.545 0.936667 0.5375 0.951667 0.5225 0.96
3 0.3075 0.953333 0.295 0.94 0.3 0.925 0.305 0.913333 0.3125 0.93 0.3525 0.931667 0.3675 0.93 0.36 0.948333 0.3475 0.958333 0.335 0.965 0.32 0.961667
4 0.3475 0.481667 0.3525 0.523333 0.3075 0.523333 0.2825 0.511667 0.29 0.495 0.3075 0.408333 0.365 0.273333 0.3975 0.211667 0.415 0.193333 0.4425 0.2 0.415 0.285 0.3475 0.481667 0.3475 0.481667 0.385 0.448333 0.4375 0.315 0.4725 0.226667 0.515 0.243333 0.5375 0.258333 0.565 0.268333 0.58 0.296667 0.5975 0.278333 0.6 0.236667 0.6325 0.241667 0.655 0.226667 0.66 0.285 0.6875 0.338333 0.6875 0.378333 0.7375 0.361667 0.76 0.353333 0.7575 0.403333 0.7675 0.44 0.76 0.566667 0.705 0.565 0.6875 0.466667 0.675 0.501667 0.675 0.555 0.6525 0.56 0.6 0.548333 0.565 0.526667 0.545 0.503333 0.5125 0.495 0.485 0.501667 0.4525 0.515 0.425 0.533333 0.3875 0.531667 0.39 0.525 0.375 0.511667 0.3625 0.48 0.3475 0.481667
8 0.355 0.518333 0.35 0.496667 0.3625 0.483333 0.3725 0.511667 0.39 0.53 0.38 0.53 0.355 0.518333 0.3425 0.523333 0.345 0.533333 0.7125 0.565 0.7625 0.565 0.7575 0.581667 0.7125 0.576667 0.7125 0.565 0.345 0.533333 0.335 0.541667 0.3075 0.536667 0.2875 0.53 0.285 0.518333 0.315 0.525 0.3425 0.523333
