1 0.38 0.366667 0.415 0.358333 0.56 0.388333 0.475 0.391667
6 0.4975 0.135 0.54 0.135 0.5525 0.136667 0.5775 0.136667 0.6025 0.151667 0.615 0.141667 0.5975 0.166667 0.575 0.166667 0.565 0.165 0.55 0.143333 0.54 0.151667 0.5325 0.16 0.5 0.16 0.48 0.145
0 0.045 0.683333 0.0725 0.6 0.0525 0.593333 0.0775 0.526667 0.1675 0.526667 0.1875 0.523333 0.1675 0.531667 0.2575 0.536667 0.2475 0.533333 0.23 0.525 0.2575 0.516667 0.2675 0.531667 0.2625 0.538333 0.3525 0.551667 0.35 0.615 0.355 0.703333 0.335 0.708333 0.3225 0.713333 0.2875 0.713333 0.2 0.696667
10 0.445 0.593333 0.3525 0.585 0.3525 0.55 0.2725 0.538333 0.2675 0.528333 0.2575 0.513333 0.26 0.475 0.2675 0.461667 0.285 0.423333 0.305 0.423333 0.385 0.366667 0.475 0.393333 0.56 0.388333 0.59 0.47 0.62 0.553333 0.62 0.595
7 0.395 0.921667 0.395 0.905 0.3975 0.881667 0.41 0.858333 0.4025 0.801667 0.375 0.75 0.365 0.693333 0.355 0.665 0.355 0.613333 0.355 0.58 0.45 0.595 0.5425 0.595 0.5 0.678333 0.5 0.743333 0.48 0.81 0.5 0.875 0.53 0.933333 0.5075 0.95 0.4575 0.943333 0.415 0.936667
3 0.4125 0.966667 0.4 0.965 0.395 0.951667 0.395 0.933333 0.425 0.938333 0.4575 0.938333 0.455 0.961667 0.44 0.966667
3 0.4125 0.966667 0.4 0.965 0.395 0.951667 0.395 0.933333 0.425 0.938333 0.4575 0.938333 0.455 0.961667 0.44 0.966667
8 0.455 0.26 0.465 0.291667 0.4825 0.366667 0.4175 0.36 0.385 0.365 0.44 0.311667 0.455 0.26 0.48 0.266667 0.5125 0.278333 0.55 0.266667 0.5325 0.316667 0.51 0.335 0.49 0.316667 0.48 0.266667
4 0.48 0.161667 0.475 0.198333 0.455 0.261667 0.4425 0.311667 0.38 0.37 0.3025 0.428333 0.2925 0.425 0.3275 0.366667 0.2675 0.355 0.2875 0.328333 0.2975 0.298333 0.285 0.28 0.305 0.268333 0.325 0.22 0.3475 0.186667 0.35 0.175 0.3625 0.163333 0.425 0.163333 0.47 0.153333 0.48 0.161667 0.6025 0.175 0.675 0.203333 0.67 0.341667 0.6675 0.396667 0.615 0.388333 0.6025 0.398333 0.6075 0.441667 0.6 0.45 0.5775 0.435 0.5625 0.385 0.5675 0.365 0.5925 0.313333 0.59 0.233333 0.6025 0.175
3 0.455 0.956667 0.455 0.941667 0.4975 0.945 0.5 0.95 0.525 0.94 0.5325 0.933333 0.535 0.971667 0.515 0.98 0.48 0.973333 0.455 0.956667 0.455 0.956667 0.455 0.941667 0.4975 0.945 0.5 0.95 0.525 0.94 0.5325 0.933333 0.535 0.971667 0.515 0.98 0.48 0.973333 0.455 0.956667
