6 0.445 0.188333 0.48 0.183333 0.48 0.195 0.4825 0.206667 0.49 0.225 0.49 0.24 0.455 0.236667 0.445 0.218333 0.4625 0.205 0.44 0.2
8 0.41 0.161667 0.43 0.153333 0.4375 0.14 0.4475 0.14 0.445 0.148333 0.475 0.165 0.485 0.163333 0.53 0.138333 0.5425 0.158333 0.5275 0.171667 0.515 0.183333 0.49 0.173333 0.475 0.176667 0.4625 0.175 0.44 0.185 0.425 0.176667 0.4075 0.171667
8 0.3525 0.455 0.4375 0.465 0.445 0.45 0.45 0.463333 0.4825 0.458333 0.4825 0.431667 0.49 0.428333 0.5075 0.428333 0.565 0.42 0.5775 0.415 0.495 0.413333 0.4425 0.41 0.3725 0.408333 0.3675 0.425 0.365 0.441667 0.3525 0.448333
0 0.5975 0.461667 0.59 0.441667 0.585 0.421667 0.485 0.428333 0.475 0.44 0.485 0.465 0.485 0.526667 0.4975 0.526667 0.495 0.478333 0.5075 0.54 0.525 0.546667 0.575 0.533333 0.575 0.513333 0.58 0.488333 0.575 0.468333 0.59 0.463333 0.5975 0.461667 0.6475 0.456667 0.6475 0.416667 0.67 0.416667 0.6925 0.468333 0.705 0.513333 0.7 0.526667 0.6475 0.525 0.6575 0.491667 0.6475 0.456667
0 0.3875 0.263333 0.37 0.268333 0.36 0.306667 0.34 0.36 0.3175 0.42 0.2875 0.426667 0.3225 0.345 0.295 0.356667 0.2725 0.43 0.235 0.441667 0.2225 0.47 0.225 0.485 0.2275 0.528333 0.2275 0.56 0.2375 0.565 0.2925 0.561667 0.32 0.565 0.345 0.553333 0.3525 0.535 0.3575 0.445 0.3675 0.431667 0.3775 0.316667 0.385 0.298333 0.3875 0.263333 0.37 0.22 0.3925 0.216667 0.375 0.166667 0.3575 0.168333 0.37 0.22
8 0.405 0.161667 0.4275 0.153333 0.4425 0.136667 0.4425 0.146667 0.4725 0.165 0.4875 0.163333 0.53 0.136667 0.545 0.156667 0.515 0.181667 0.5 0.175 0.485 0.181667 0.4675 0.176667 0.4375 0.186667 0.4125 0.17
6 0.485 0.195 0.475 0.203333 0.485 0.215 0.49 0.238333 0.47 0.238333 0.4525 0.235 0.445 0.218333 0.4625 0.208333 0.46 0.203333 0.4475 0.203333 0.445 0.19 0.47 0.183333 0.4825 0.185
4 0.3775 0.175 0.39 0.211667 0.41 0.225 0.4225 0.225 0.415 0.235 0.42 0.253333 0.4125 0.261667 0.39 0.261667 0.3825 0.296667 0.3775 0.315 0.37 0.406667 0.4475 0.408333 0.4975 0.411667 0.5925 0.416667 0.5925 0.451667 0.615 0.443333 0.645 0.446667 0.6525 0.416667 0.65 0.385 0.6525 0.258333 0.65 0.225 0.6275 0.183333 0.5575 0.163333 0.545 0.153333 0.5175 0.18 0.495 0.173333 0.465 0.178333 0.435 0.181667 0.4075 0.161667 0.38 0.163333 0.3775 0.175 0.3525 0.171667 0.3125 0.191667 0.2925 0.226667 0.2825 0.261667 0.2725 0.278333 0.2525 0.303333 0.2525 0.32 0.2625 0.348333 0.2775 0.36 0.2975 0.356667 0.33 0.341667 0.3375 0.353333 0.3575 0.3 0.365 0.281667 0.3375 0.285 0.33 0.271667 0.3325 0.25 0.3375 0.246667 0.335 0.23 0.3375 0.2 0.3525 0.171667
10 0.3575 0.723333 0.375 0.723333 0.445 0.736667 0.52 0.733333 0.5925 0.718333 0.6 0.638333 0.595 0.54 0.57 0.536667 0.5275 0.546667 0.505 0.536667 0.485 0.526667 0.485 0.463333 0.4525 0.461667 0.43 0.468333 0.3575 0.458333 0.3525 0.531667 0.3375 0.556667 0.32 0.565 0.33 0.598333 0.345 0.648333
3 0.55 0.9 0.56 0.911667 0.5575 0.926667 0.565 0.945 0.5625 0.96 0.5425 0.97 0.5175 0.975 0.4925 0.975 0.4775 0.973333 0.47 0.966667 0.4675 0.955 0.4725 0.95 0.475 0.931667 0.4875 0.906667 0.48 0.906667 0.48 0.903333 0.4975 0.893333 0.525 0.895 0.5425 0.895
3 0.38 0.966667 0.375 0.951667 0.38 0.933333 0.3975 0.911667 0.415 0.895 0.44 0.886667 0.46 0.893333 0.47 0.903333 0.4725 0.92 0.465 0.938333 0.465 0.958333 0.455 0.97 0.4325 0.973333 0.4025 0.973333
