11 0.21 0.278333 0.24 0.266667 0.28 0.24 0.325 0.211667 0.35 0.201667 0.355 0.203333 0.365 0.191667 0.365 0.181667 0.3475 0.196667 0.3375 0.195 0.295 0.168333 0.27 0.158333 0.25 0.158333 0.2225 0.165 0.2 0.18 0.1775 0.2 0.1775 0.216667 0.2075 0.248333 0.2175 0.261667 0.2025 0.276667
0 0.44 0.623333 0.475 0.626667 0.495 0.626667 0.525 0.611667 0.4975 0.568333 0.4825 0.55 0.4575 0.536667 0.4525 0.528333 0.44 0.48 0.425 0.426667 0.415 0.385 0.4025 0.343333 0.3925 0.316667 0.39 0.303333 0.3825 0.291667 0.3725 0.288333 0.3875 0.305 0.3925 0.336667 0.41 0.393333 0.4275 0.451667 0.4425 0.51 0.4475 0.538333 0.4375 0.55 0.42 0.523333 0.4125 0.498333 0.405 0.491667 0.4025 0.493333 0.425 0.543333 0.425 0.551667 0.42 0.573333 0.425 0.603333
1 0.435 0.46 0.44 0.481667 0.445 0.483333 0.465 0.466667 0.485 0.451667 0.5125 0.461667 0.5325 0.443333 0.5575 0.421667 0.5675 0.418333 0.5725 0.396667 0.5475 0.386667 0.5075 0.41 0.49 0.423333 0.48 0.42 0.4675 0.433333 0.4575 0.443333 0.4575 0.446667 0.435 0.46 0.43 0.465 0.425 0.466667 0.3975 0.491667 0.4075 0.493333 0.4175 0.503333 0.4275 0.5 0.4375 0.493333 0.43 0.465
4 0.4575 0.536667 0.4825 0.55 0.4975 0.57 0.5275 0.611667 0.5425 0.613333 0.5575 0.611667 0.58 0.606667 0.5975 0.578333 0.5925 0.53 0.585 0.505 0.58 0.493333 0.615 0.501667 0.68 0.515 0.7175 0.513333 0.73 0.505 0.7325 0.49 0.7325 0.461667 0.715 0.448333 0.67 0.426667 0.63 0.415 0.6 0.408333 0.5825 0.401667 0.5725 0.403333 0.5675 0.418333 0.5575 0.421667 0.5125 0.46 0.5075 0.461667 0.485 0.451667 0.465 0.466667 0.445 0.483333 0.4425 0.481667 0.4525 0.528333 0.4575 0.536667 0.4475 0.538333 0.4425 0.51 0.4375 0.493333 0.3825 0.291667 0.3725 0.286667 0.385 0.305 0.4075 0.39 0.37 0.371667 0.31 0.346667 0.2725 0.328333 0.285 0.321667 0.2875 0.308333 0.28 0.301667 0.26 0.306667 0.2575 0.321667 0.255 0.336667 0.2275 0.363333 0.215 0.403333 0.2075 0.415 0.2275 0.435 0.225 0.44 0.235 0.45 0.22 0.468333 0.215 0.48 0.2025 0.5 0.22 0.498333 0.2575 0.51 0.285 0.52 0.2975 0.516667 0.3175 0.49 0.3275 0.473333 0.325 0.468333 0.335 0.478333 0.365 0.488333 0.395 0.493333 0.425 0.466667 0.43 0.465 0.4275 0.45 0.4075 0.39 0.385 0.305 0.39 0.315 0.385 0.316667 0.3625 0.286667 0.365 0.281667 0.3825 0.281667 0.395 0.278333 0.4075 0.256667 0.4225 0.255 0.44 0.258333 0.475 0.25 0.485 0.233333 0.5125 0.21 0.525 0.211667 0.5425 0.213333 0.56 0.225 0.58 0.243333 0.5675 0.27 0.5475 0.285 0.535 0.298333 0.5175 0.315 0.5225 0.331667 0.54 0.36 0.55 0.385 0.51 0.408333 0.49 0.423333 0.4775 0.42 0.46 0.443333 0.4575 0.446667 0.435 0.458333 0.4275 0.431667 0.4175 0.393333 0.4325 0.4 0.4625 0.416667 0.4725 0.418333 0.4775 0.42 0.4575 0.363333 0.455 0.365 0.4325 0.336667 0.4025 0.325 0.395 0.318333 0.39 0.301667 0.3825 0.291667 0.4375 0.493333 0.4175 0.503333 0.415 0.505 0.42 0.525 0.44 0.55 0.44 0.543333 0.4475 0.538333
8 0.4275 0.34 0.4125 0.351667 0.405 0.355 0.4175 0.391667 0.4625 0.416667 0.48 0.421667 0.4575 0.365 0.4425 0.351667 0.4325 0.336667
8 0.3975 0.363333 0.3725 0.373333 0.41 0.393333 0.4 0.361667
10 0.52 0.696667 0.5625 0.703333 0.59 0.706667 0.6 0.696667 0.6125 0.666667 0.64 0.651667 0.67 0.638333 0.6775 0.64 0.72 0.628333 0.7125 0.618333 0.7525 0.591667 0.77 0.588333 0.7925 0.573333 0.8175 0.558333 0.82 0.513333 0.8125 0.495 0.7875 0.49 0.7675 0.483333 0.745 0.466667 0.7325 0.461667 0.73 0.503333 0.7175 0.513333 0.68 0.515 0.615 0.501667 0.58 0.493333 0.585 0.506667 0.5925 0.53 0.5975 0.578333 0.58 0.606667 0.5575 0.611667 0.5425 0.613333 0.5275 0.611667 0.495 0.626667 0.475 0.626667 0.4475 0.625 0.4525 0.646667 0.4675 0.655 0.4825 0.67 0.49 0.68 0.495 0.69 0.5175 0.69
3 0.77 0.823333 0.765 0.831667 0.75 0.84 0.73 0.843333 0.72 0.838333 0.7075 0.82 0.7 0.795 0.6975 0.8 0.71 0.826667 0.7275 0.855 0.7475 0.866667 0.765 0.871667 0.7775 0.866667 0.7825 0.851667 0.7775 0.838333
3 0.8525 0.841667 0.83 0.82 0.8325 0.816667 0.8375 0.818333 0.8575 0.845
3 0.875 0.873333 0.875 0.883333 0.8675 0.893333 0.8525 0.896667 0.835 0.9 0.8225 0.895 0.82 0.88 0.8075 0.86 0.81 0.87 0.8175 0.886667 0.8225 0.9 0.835 0.923333 0.8525 0.931667 0.875 0.93 0.8875 0.913333 0.89 0.891667 0.8725 0.87
