4 0.45 0.548333 0.4325 0.45 0.4375 0.34 0.4425 0.281667 0.44 0.256667 0.4 0.298333 0.395 0.351667 0.3875 0.45 0.3875 0.528333 0.3975 0.555 0.45 0.548333 0.465 0.545 0.4925 0.548333 0.505 0.556667 0.5375 0.56 0.63 0.55 0.665 0.555 0.695 0.553333 0.6925 0.52 0.705 0.508333 0.6925 0.49 0.6375 0.506667 0.6325 0.52 0.63 0.55 0.5375 0.56 0.5525 0.356667 0.56 0.248333 0.545 0.253333 0.495 0.311667 0.4875 0.411667 0.475 0.49 0.4625 0.536667 0.465 0.545
8 0.4475 0.251667 0.5275 0.255 0.5025 0.296667 0.495 0.34 0.4825 0.431667 0.4325 0.426667 0.4325 0.328333 0.4425 0.28
4 0.5375 0.606667 0.5525 0.615 0.5725 0.615 0.5725 0.605 0.6225 0.61 0.63 0.508333 0.69 0.491667 0.71 0.481667 0.7125 0.47 0.7475 0.47 0.7475 0.446667 0.72 0.355 0.6925 0.281667 0.6675 0.248333 0.645 0.228333 0.59 0.22 0.56 0.235 0.55 0.316667 0.54 0.521667 0.5375 0.606667 0.41 0.621667 0.4 0.59 0.395 0.53 0.39 0.425 0.3975 0.313333 0.4225 0.261667 0.41 0.268333 0.3875 0.283333 0.38 0.283333 0.39 0.246667 0.3625 0.263333 0.3525 0.303333 0.3275 0.368333 0.3 0.45 0.28 0.516667 0.31 0.531667 0.31 0.595 0.3 0.613333 0.35 0.635 0.365 0.641667 0.3975 0.638333 0.41 0.621667
1 0.4425 0.433333 0.475 0.443333 0.48 0.43 0.455 0.426667
9 0.435 0.438333 0.4475 0.526667 0.45 0.548333 0.395 0.556667 0.3975 0.593333 0.445 0.593333 0.49 0.595 0.5 0.601667 0.5375 0.613333 0.54 0.563333 0.51 0.56 0.49 0.545 0.46 0.543333 0.46 0.523333 0.475 0.493333 0.48 0.445
0 0.625 0.606667 0.6 0.611667 0.5975 0.631667 0.565 0.66 0.5375 0.71 0.52 0.74 0.5425 0.766667 0.5775 0.775 0.69 0.766667 0.7725 0.748333 0.79 0.738333 0.7975 0.723333 0.7825 0.686667 0.735 0.648333 0.7025 0.625 0.69 0.556667 0.6775 0.578333 0.6725 0.631667 0.6325 0.638333
3 0.5225 0.861667 0.485 0.858333 0.485 0.873333 0.5175 0.878333 0.515 0.89 0.5025 0.908333 0.475 0.916667 0.465 0.908333 0.45 0.906667 0.43 0.926667 0.435 0.938333 0.46 0.94 0.495 0.936667 0.51 0.91 0.52 0.888333 0.5225 0.908333 0.53 0.906667 0.53 0.883333 0.5425 0.866667 0.545 0.856667 0.5375 0.845
3 0.5175 0.918333 0.505 0.933333 0.505 0.945 0.515 0.953333 0.5575 0.95 0.58 0.941667 0.5875 0.931667 0.59 0.918333 0.5725 0.926667 0.5375 0.93
7 0.5225 0.765 0.525 0.726667 0.515 0.695 0.525 0.653333 0.54 0.69 0.565 0.656667 0.595 0.635 0.6025 0.61 0.57 0.611667 0.565 0.616667 0.5325 0.613333 0.4875 0.596667 0.395 0.593333 0.43 0.646667 0.44 0.681667 0.445 0.735 0.4625 0.801667 0.4675 0.828333 0.51 0.825 0.525 0.821667 0.5225 0.765 0.5525 0.768333 0.56 0.816667 0.5575 0.838333 0.5775 0.845 0.6075 0.845 0.6025 0.83 0.63 0.773333 0.595 0.775 0.5525 0.768333
3 0.5475 0.871667 0.5425 0.881667 0.5825 0.888333 0.6025 0.888333 0.6075 0.88 0.62 0.871667 0.605 0.855 0.6 0.868333 0.6075 0.878333 0.605 0.878333
