7 0.385 0.616667 0.4 0.681667 0.4275 0.71 0.49 0.84 0.545 0.831667 0.525 0.75 0.6 0.81 0.6375 0.846667 0.6375 0.865 0.66 0.865 0.6575 0.848333 0.6825 0.831667 0.6325 0.751667 0.5775 0.698333 0.5575 0.673333 0.5625 0.626667 0.5275 0.63 0.4375 0.626667
3 0.6375 0.863333 0.6575 0.898333 0.6825 0.935 0.68 0.965 0.6925 0.981667 0.715 0.983333 0.765 0.958333 0.7625 0.936667 0.745 0.898333 0.745 0.883333 0.7775 0.911667 0.7875 0.903333 0.7425 0.865 0.735 0.851667 0.6925 0.845 0.6875 0.835
3 0.5525 0.828333 0.5075 0.841667 0.4925 0.845 0.485 0.895 0.4725 0.915 0.4525 0.926667 0.46 0.938333 0.44 0.931667 0.4425 0.946667 0.4675 0.955 0.5025 0.955 0.515 0.948333 0.525 0.921667 0.5625 0.893333 0.5675 0.933333 0.58 0.935 0.585 0.885 0.585 0.868333 0.565 0.85
5 0.3825 0.245 0.35 0.283333 0.3575 0.321667 0.3575 0.386667 0.345 0.45 0.3225 0.531667 0.295 0.605 0.325 0.608333 0.35 0.618333 0.4125 0.62 0.435 0.626667 0.5275 0.63 0.5675 0.623333 0.5875 0.62 0.595 0.616667 0.5875 0.601667 0.5975 0.595 0.5875 0.556667 0.5425 0.568333 0.515 0.515 0.52 0.483333 0.4825 0.346667 0.4625 0.385 0.4425 0.388333 0.435 0.413333 0.415 0.415 0.4025 0.4 0.39 0.303333 0.4 0.256667
5 0.435 0.226667 0.4125 0.265 0.4125 0.318333 0.425 0.36 0.435 0.375 0.4425 0.366667 0.45 0.34 0.4475 0.333333 0.4575 0.326667 0.4725 0.266667 0.49 0.235 0.4975 0.218333 0.4775 0.226667
5 0.585 0.176667 0.5675 0.205 0.5775 0.243333 0.59 0.286667 0.61 0.31 0.635 0.33 0.665 0.375 0.6725 0.381667 0.705 0.45 0.7075 0.476667 0.765 0.476667 0.7525 0.458333 0.7725 0.451667 0.8025 0.458333 0.8025 0.455 0.78 0.421667 0.7425 0.365 0.7175 0.326667 0.7125 0.326667 0.69 0.293333 0.6625 0.235 0.665 0.223333 0.635 0.19 0.6125 0.178333
5 0.345 0.308333 0.2975 0.323333 0.245 0.33 0.2 0.335 0.2125 0.36 0.22 0.376667 0.235 0.386667 0.25 0.398333 0.275 0.383333 0.325 0.363333 0.345 0.363333
5 0.4 0.331667 0.405 0.363333 0.405 0.38 0.415 0.405 0.425 0.405 0.435 0.388333 0.43 0.376667 0.41 0.331667
4 0.485 0.371667 0.52 0.478333 0.515 0.523333 0.54 0.566667 0.58 0.565 0.5925 0.548333 0.5975 0.525 0.605 0.481667 0.615 0.438333 0.605 0.391667 0.6175 0.313333 0.6 0.298333 0.5675 0.238333 0.555 0.213333 0.5275 0.25 0.505 0.26 0.4875 0.301667 0.485 0.371667 0.3575 0.353333 0.3575 0.316667 0.35 0.295 0.3425 0.351667 0.3425 0.443333 0.35 0.431667 0.3575 0.353333
6 0.4025 0.121667 0.4525 0.118333 0.4875 0.113333 0.5225 0.108333 0.5275 0.118333 0.51 0.135 0.4825 0.136667 0.4675 0.123333 0.4575 0.125 0.4475 0.14 0.43 0.145 0.41 0.135 0.3975 0.126667
0 0.7825 0.515 0.7725 0.525 0.775 0.545 0.775 0.558333 0.75 0.591667 0.7275 0.646667 0.7275 0.671667 0.7525 0.691667 0.8025 0.701667 0.85 0.708333 0.89 0.7 0.905 0.688333 0.92 0.661667 0.9175 0.633333 0.8925 0.598333 0.8825 0.58 0.8525 0.558333 0.8525 0.536667 0.8275 0.508333 0.8175 0.508333 0.82 0.518333 0.83 0.535 0.8325 0.558333 0.805 0.561667 0.7875 0.54
