10 0.3475 0.396667 0.3875 0.396667 0.47 0.395 0.5675 0.398333 0.625 0.395 0.645 0.386667 0.66 0.416667 0.675 0.441667 0.6775 0.466667 0.6775 0.511667 0.6875 0.535 0.6375 0.543333 0.58 0.551667 0.505 0.555 0.49 0.55 0.475 0.555 0.33 0.553333 0.3375 0.515 0.3375 0.495 0.3325 0.481667 0.3425 0.465 0.3325 0.443333 0.3225 0.403333
8 0.635 0.266667 0.6425 0.316667 0.6575 0.385 0.6325 0.391667 0.6175 0.396667 0.565 0.396667 0.4575 0.393333 0.3825 0.396667 0.325 0.401667 0.3325 0.378333 0.335 0.335 0.295 0.333333 0.285 0.325 0.2875 0.278333 0.285 0.233333 0.2875 0.203333 0.29 0.175 0.285 0.143333 0.28 0.113333 0.28 0.09 0.29 0.0683333 0.3225 0.055 0.335 0.055 0.3875 0.0616667 0.4 0.0716667 0.4125 0.133333 0.4125 0.191667 0.415 0.268333 0.4225 0.321667 0.4525 0.336667 0.4775 0.338333 0.4975 0.333333 0.5125 0.318333 0.5175 0.283333 0.5225 0.24 0.59 0.265 0.6075 0.266667
8 0.44 0.0633333 0.4725 0.0633333 0.495 0.0666667 0.515 0.0633333 0.5325 0.065 0.515 0.106667 0.495 0.131667 0.465 0.135 0.455 0.13 0.4475 0.11 0.44 0.0716667
8 0.4575 0.156667 0.505 0.153333 0.525 0.148333 0.51 0.21 0.5 0.218333 0.4925 0.215 0.4625 0.178333
8 0.4325 0.151667 0.4475 0.2 0.4575 0.221667 0.485 0.225 0.4925 0.236667 0.4775 0.261667 0.4725 0.286667 0.48 0.29 0.505 0.296667 0.5 0.318333 0.4875 0.328333 0.46 0.335 0.435 0.32 0.4225 0.278333 0.42 0.216667 0.4175 0.151667
8 0.57 0.0633333 0.6025 0.0483333 0.5725 0.0366667 0.615 0.04 0.6675 0.0483333 0.7025 0.0766667 0.715 0.148333 0.73 0.181667 0.74 0.195 0.735 0.206667 0.735 0.22 0.7425 0.231667 0.74 0.253333 0.725 0.273333 0.7075 0.286667 0.685 0.286667 0.7175 0.273333 0.7325 0.255 0.725 0.245 0.7125 0.233333 0.685 0.231667 0.6575 0.235 0.6475 0.215 0.635 0.22 0.6225 0.216667 0.62 0.168333 0.5525 0.168333 0.5475 0.22 0.5275 0.22 0.545 0.136667 0.565 0.0783333
8 0.4925 0.256667 0.4775 0.281667 0.5 0.291667 0.51 0.283333 0.5075 0.263333
7 0.3575 0.653333 0.415 0.656667 0.45 0.651667 0.4675 0.646667 0.4725 0.618333 0.48 0.553333 0.44 0.555 0.34 0.55 0.345 0.59 0.3525 0.628333
7 0.5125 0.558333 0.515 0.601667 0.52 0.616667 0.575 0.623333 0.605 0.62 0.615 0.618333 0.6325 0.541667 0.5525 0.553333 0.5175 0.551667
2 0.4325 0.966667 0.395 0.953333 0.36 0.886667 0.3575 0.823333 0.3525 0.796667 0.345 0.756667 0.3425 0.733333 0.3425 0.71 0.35 0.698333 0.3525 0.71 0.37 0.738333 0.395 0.74 0.42 0.736667 0.44 0.731667 0.4575 0.716667 0.4675 0.713333 0.4475 0.773333 0.4425 0.821667 0.4225 0.826667 0.4375 0.833333 0.445 0.845 0.4425 0.866667 0.445 0.87 0.455 0.881667 0.4725 0.925 0.48 0.943333 0.4825 0.953333 0.4775 0.961667 0.45 0.965
2 0.4325 0.966667 0.395 0.953333 0.36 0.886667 0.3575 0.823333 0.3525 0.796667 0.345 0.756667 0.3425 0.733333 0.3425 0.71 0.35 0.698333 0.3525 0.71 0.37 0.738333 0.395 0.74 0.42 0.736667 0.44 0.731667 0.4575 0.716667 0.4675 0.713333 0.4475 0.773333 0.4425 0.821667 0.4225 0.826667 0.4375 0.833333 0.445 0.845 0.4425 0.866667 0.445 0.87 0.455 0.881667 0.4725 0.925 0.48 0.943333 0.4825 0.953333 0.4775 0.961667 0.45 0.965
2 0.52 0.688333 0.5225 0.751667 0.525 0.791667 0.525 0.806667 0.525 0.815 0.525 0.825 0.535 0.826667 0.5225 0.843333 0.5175 0.851667 0.5175 0.86 0.515 0.873333 0.4825 0.936667 0.48 0.945 0.4875 0.951667 0.5025 0.963333 0.5475 0.96 0.57 0.953333 0.5875 0.941667 0.5925 0.88 0.595 0.856667 0.595 0.85 0.605 0.838333 0.6075 0.828333 0.6025 0.81 0.62 0.775 0.6325 0.693333 0.635 0.685 0.6175 0.678333 0.615 0.691667 0.585 0.7 0.5425 0.693333 0.52 0.688333 0.52 0.688333 0.5225 0.751667 0.525 0.791667 0.525 0.806667 0.525 0.815 0.525 0.825 0.535 0.826667 0.5225 0.843333 0.5175 0.851667 0.5175 0.86 0.515 0.873333 0.4825 0.936667 0.48 0.945 0.4875 0.951667 0.5025 0.963333 0.5475 0.96 0.57 0.953333 0.5875 0.941667 0.5925 0.88 0.595 0.856667 0.595 0.85 0.605 0.838333 0.6075 0.828333 0.6025 0.81 0.62 0.775 0.6325 0.693333 0.635 0.685 0.6175 0.678333 0.615 0.691667 0.585 0.7 0.5425 0.693333 0.52 0.688333
