2 0.4775 0.835 0.485 0.866667 0.495 0.875 0.5025 0.908333 0.5 0.945 0.4925 0.963333 0.485 0.961667 0.48 0.941667 0.475 0.938333 0.4675 0.946667 0.455 0.953333 0.4625 0.96 0.4575 0.976667 0.4525 0.983333 0.42 0.988333 0.395 0.991667 0.385 0.99 0.38 0.978333 0.38 0.966667 0.3975 0.956667 0.42 0.931667 0.4225 0.906667 0.43 0.886667 0.41 0.848333
2 0.4775 0.835 0.485 0.866667 0.495 0.875 0.5025 0.908333 0.5 0.945 0.4925 0.963333 0.485 0.961667 0.48 0.941667 0.475 0.938333 0.4675 0.946667 0.455 0.953333 0.4625 0.96 0.4575 0.976667 0.4525 0.983333 0.42 0.988333 0.395 0.991667 0.385 0.99 0.38 0.978333 0.38 0.966667 0.3975 0.956667 0.42 0.931667 0.4225 0.906667 0.43 0.886667 0.41 0.848333
7 0.5725 0.523333 0.51 0.64 0.495 0.685 0.52 0.723333 0.54 0.763333 0.555 0.82 0.5525 0.825 0.565 0.845 0.535 0.856667 0.5075 0.853333 0.49 0.85 0.48 0.84 0.475 0.831667 0.47 0.84 0.455 0.846667 0.44 0.846667 0.42 0.85 0.41 0.846667 0.41 0.836667 0.4025 0.808333 0.3825 0.746667 0.38 0.691667 0.355 0.63 0.3375 0.568333 0.385 0.555 0.4075 0.54 0.435 0.526667 0.4425 0.533333 0.4525 0.523333 0.4875 0.511667 0.5025 0.505 0.52 0.526667 0.5375 0.54 0.5525 0.518333
8 0.425 0.513333 0.4275 0.521667 0.4325 0.525 0.405 0.541667 0.395 0.551667 0.3825 0.555 0.3425 0.568333 0.34 0.575 0.305 0.578333 0.315 0.53 0.33 0.528333 0.3475 0.515 0.425 0.513333 0.535 0.26 0.55 0.27 0.555 0.391667 0.56 0.393333 0.5575 0.398333 0.5525 0.406667 0.545 0.405 0.545 0.396667 0.555 0.391667 0.55 0.27 0.5625 0.271667 0.565 0.266667 0.5475 0.255 0.5425 0.255 0.5325 0.256667 0.535 0.26
8 0.3775 0.401667 0.385 0.406667 0.3825 0.41 0.3775 0.411667 0.3675 0.416667 0.3625 0.413333 0.37 0.406667
12 0.595 0.196667 0.585 0.211667 0.56 0.23 0.545 0.248333 0.5125 0.263333 0.47 0.273333 0.44 0.285 0.4325 0.283333 0.4025 0.251667 0.3875 0.241667 0.3725 0.228333 0.36 0.208333 0.37 0.19 0.39 0.158333 0.43 0.15 0.45 0.18 0.4725 0.19 0.4975 0.176667 0.515 0.168333 0.55 0.163333 0.555 0.16 0.5575 0.18 0.5575 0.186667
1 0.5625 0.463333 0.5075 0.456667 0.535 0.483333 0.545 0.5 0.5325 0.511667 0.5175 0.511667 0.51 0.51 0.5 0.498333 0.475 0.506667 0.48 0.511667 0.46 0.516667 0.445 0.535 0.435 0.536667 0.42 0.5 0.4175 0.485 0.445 0.465 0.48 0.45 0.4675 0.453333 0.4275 0.455 0.435 0.451667 0.465 0.44 0.4625 0.43 0.4625 0.42 0.485 0.415 0.5175 0.423333 0.5225 0.433333 0.51 0.446667 0.505 0.45 0.565 0.455 0.59 0.463333
4 0.3575 0.408333 0.36 0.38 0.375 0.323333 0.385 0.25 0.3925 0.245 0.41 0.26 0.44 0.286667 0.525 0.258333 0.56 0.273333 0.5475 0.386667 0.5375 0.405 0.545 0.411667 0.5625 0.408333 0.5625 0.393333 0.555 0.388333 0.5475 0.386667 0.5625 0.271667 0.57 0.265 0.545 0.25 0.5475 0.24 0.5725 0.23 0.5875 0.261667 0.59 0.353333 0.59 0.42 0.5775 0.463333 0.51 0.451667 0.5225 0.428333 0.4875 0.413333 0.46 0.42 0.44 0.433333 0.4125 0.44 0.38 0.433333 0.3675 0.42 0.3875 0.413333 0.3875 0.405 0.385 0.4 0.37 0.401667 0.3575 0.408333 0.3 0.425 0.28 0.531667 0.2925 0.531667 0.335 0.518333 0.35 0.495 0.3525 0.456667 0.355 0.416667 0.385 0.435 0.42 0.44 0.445 0.43 0.46 0.423333 0.4625 0.441667 0.51 0.46 0.5675 0.468333 0.57 0.505 0.55 0.508333 0.5475 0.496667 0.535 0.483333 0.51 0.463333 0.51 0.46 0.4625 0.441667 0.4425 0.445 0.4275 0.453333 0.435 0.455 0.4425 0.461667 0.4175 0.486667 0.42 0.513333 0.3725 0.52 0.335 0.518333 0.2925 0.531667 0.295 0.546667 0.29 0.55 0.26 0.545 0.2575 0.535 0.26 0.491667 0.2775 0.436667 0.28 0.426667 0.3 0.425
4 0.38 0.24 0.37 0.351667 0.3625 0.408333 0.355 0.485 0.345 0.505 0.335 0.523333 0.315 0.53 0.2875 0.533333 0.285 0.501667 0.2975 0.431667 0.2975 0.423333 0.285 0.425 0.275 0.431667 0.2725 0.423333 0.2725 0.411667 0.2625 0.403333 0.285 0.396667 0.2875 0.351667 0.3075 0.266667 0.3275 0.218333 0.35 0.196667 0.3625 0.195 0.3675 0.193333 0.36 0.206667 0.38 0.24 0.58 0.211667 0.5925 0.32 0.59 0.35 0.595 0.411667 0.5925 0.44 0.5875 0.491667 0.5725 0.523333 0.5525 0.558333 0.5625 0.568333 0.5825 0.57 0.6 0.571667 0.6125 0.565 0.645 0.511667 0.6725 0.446667 0.66 0.431667 0.6675 0.415 0.675 0.373333 0.6825 0.356667 0.6675 0.34 0.67 0.285 0.675 0.253333 0.6775 0.235 0.655 0.215 0.645 0.191667 0.625 0.19 0.615 0.211667 0.6 0.211667 0.585 0.205 0.58 0.211667
2 0.56 0.845 0.57 0.846667 0.5725 0.861667 0.5675 0.866667 0.57 0.885 0.5775 0.888333 0.58 0.951667 0.5725 0.953333 0.5725 0.975 0.5675 0.985 0.55 0.991667 0.5325 0.996667 0.5125 0.998333 0.4975 0.998333 0.49 0.988333 0.49 0.98 0.4925 0.958333 0.5 0.938333 0.5025 0.878333 0.5025 0.858333 0.52 0.856667 0.535 0.856667 0.545 0.853333 0.56 0.845 0.56 0.845 0.57 0.846667 0.5725 0.861667 0.5675 0.866667 0.57 0.885 0.5775 0.888333 0.58 0.951667 0.5725 0.953333 0.5725 0.975 0.5675 0.985 0.55 0.991667 0.5325 0.996667 0.5125 0.998333 0.4975 0.998333 0.49 0.988333 0.49 0.98 0.4925 0.958333 0.5 0.938333 0.5025 0.878333 0.5025 0.858333 0.52 0.856667 0.535 0.856667 0.545 0.853333 0.56 0.845
