12 0.625 0.273333 0.655 0.25 0.6875 0.258333 0.685 0.231667 0.7175 0.251667 0.745 0.258333 0.765 0.246667 0.79 0.231667 0.8225 0.258333 0.8075 0.275 0.775 0.291667 0.7425 0.305 0.7175 0.31 0.6775 0.298333 0.6475 0.278333
11 0.6725 0.178333 0.6925 0.163333 0.715 0.156667 0.7425 0.15 0.7725 0.155 0.795 0.165 0.805 0.191667 0.7825 0.183333 0.735 0.175 0.6925 0.173333 0.6825 0.186667
8 0.605 0.538333 0.63 0.503333 0.6525 0.498333 0.6625 0.413333 0.665 0.348333 0.6875 0.311667 0.6875 0.295 0.7225 0.31 0.745 0.305 0.7625 0.301667 0.74 0.321667 0.7675 0.348333 0.7975 0.373333 0.7875 0.416667 0.7875 0.491667 0.8075 0.51 0.8125 0.543333 0.7175 0.553333 0.695 0.518333 0.6675 0.555 0.61 0.54
8 0.6825 0.55 0.695 0.515 0.705 0.548333
8 0.63 0.501667 0.6275 0.516667 0.61 0.535 0.605 0.56 0.5875 0.556667 0.545 0.555 0.5525 0.511667 0.5775 0.508333 0.605 0.498333 0.63 0.501667 0.8025 0.503333 0.6725 0.341667 0.6725 0.328333 0.6625 0.293333 0.6825 0.293333 0.6925 0.306667 0.6725 0.341667 0.8025 0.503333 0.8425 0.505 0.8425 0.491667 0.8625 0.5 0.8675 0.525 0.8875 0.526667 0.8975 0.556667 0.885 0.563333 0.86 0.556667 0.8225 0.565 0.81 0.55 0.8025 0.503333
9 0.59 0.618333 0.595 0.585 0.595 0.561667 0.61 0.543333 0.675 0.555 0.6825 0.545 0.705 0.548333 0.7075 0.555 0.745 0.548333 0.8175 0.541667 0.825 0.571667 0.825 0.6 0.81 0.615 0.8125 0.631667 0.7875 0.638333 0.7175 0.626667 0.7125 0.6 0.715 0.578333 0.705 0.575 0.705 0.603333 0.6925 0.626667 0.6625 0.626667 0.605 0.623333
0 0.575 0.608333 0.5875 0.588333 0.5825 0.63 0.6075 0.651667 0.62 0.691667 0.6775 0.79 0.685 0.853333 0.675 0.875 0.665 0.856667 0.6525 0.81 0.6625 0.853333 0.6475 0.851667 0.6275 0.888333 0.6 0.916667 0.6025 0.928333 0.565 0.923333 0.5825 0.903333 0.61 0.868333 0.63 0.828333 0.625 0.82 0.61 0.838333 0.5825 0.841667 0.555 0.83 0.545 0.826667 0.545 0.845 0.5325 0.88 0.5275 0.858333 0.54 0.831667 0.5325 0.835 0.5075 0.813333 0.4975 0.793333 0.495 0.755 0.5075 0.736667 0.4925 0.705 0.505 0.661667 0.5225 0.635 0.5575 0.626667 0.5725 0.621667
3 0.735 0.843333 0.7525 0.828333 0.7575 0.815 0.785 0.821667 0.8025 0.841667 0.825 0.855 0.84 0.88 0.845 0.893333 0.8425 0.915 0.8125 0.911667 0.78 0.896667 0.75 0.878333
3 0.655 0.91 0.67 0.878333 0.6875 0.851667 0.695 0.836667 0.6975 0.823333 0.7175 0.826667 0.74 0.843333 0.74 0.885 0.7225 0.915 0.6925 0.916667 0.67 0.92
4 0.6675 0.308333 0.675 0.356667 0.6625 0.435 0.655 0.48 0.65 0.505 0.595 0.501667 0.5875 0.508333 0.555 0.505 0.55 0.498333 0.5575 0.476667 0.565 0.416667 0.58 0.368333 0.58 0.318333 0.5975 0.29 0.63 0.275 0.655 0.276667 0.6675 0.308333 0.7375 0.326667 0.7625 0.298333 0.7875 0.281667 0.82 0.27 0.8675 0.291667 0.875 0.363333 0.8875 0.438333 0.8875 0.483333 0.8875 0.523333 0.86 0.523333 0.85 0.5 0.835 0.505 0.8275 0.508333 0.775 0.495 0.78 0.49 0.785 0.436667 0.7825 0.398333 0.7825 0.363333 0.755 0.343333 0.7375 0.326667
