1 0.34 0.411667 0.36 0.381667 0.3725 0.37 0.395 0.365 0.45 0.365 0.4575 0.381667 0.435 0.385 0.4125 0.388333 0.385 0.405 0.345 0.45 0.33 0.451667 0.3425 0.423333
10 0.2825 0.648333 0.3075 0.611667 0.32 0.576667 0.335 0.51 0.3475 0.446667 0.385 0.403333 0.415 0.388333 0.4575 0.381667 0.4675 0.388333 0.5175 0.395 0.5675 0.413333 0.58 0.418333 0.6025 0.453333 0.6125 0.496667 0.635 0.571667 0.65 0.65 0.66 0.683333 0.595 0.685 0.545 0.69 0.45 0.696667 0.39 0.7 0.36 0.695 0.31 0.675 0.28 0.66
4 0.425 0.295 0.465 0.288333 0.4925 0.271667 0.5175 0.236667 0.535 0.213333 0.5375 0.195 0.5575 0.2 0.5825 0.206667 0.6075 0.22 0.6175 0.23 0.625 0.245 0.625 0.3 0.63 0.323333 0.6275 0.338333 0.6275 0.34 0.63 0.351667 0.6175 0.348333 0.6125 0.346667 0.5725 0.355 0.5725 0.376667 0.565 0.381667 0.565 0.388333 0.57 0.403333 0.565 0.411667 0.5175 0.396667 0.465 0.386667 0.4575 0.381667 0.45 0.365 0.395 0.363333 0.37 0.371667 0.345 0.4 0.345 0.36 0.3525 0.318333 0.3625 0.315 0.3975 0.293333 0.425 0.295 0.4225 0.248333 0.405 0.245 0.395 0.236667 0.3875 0.218333 0.405 0.23 0.4125 0.238333 0.4275 0.238333 0.4325 0.243333 0.4225 0.248333
6 0.395 0.141667 0.4475 0.146667 0.4925 0.145 0.51 0.146667 0.4975 0.158333 0.4875 0.163333 0.465 0.163333 0.4525 0.153333 0.445 0.153333 0.4325 0.16 0.405 0.16 0.3975 0.15
12 0.205 0.551667 0.2275 0.498333 0.2475 0.456667 0.2625 0.42 0.265 0.393333 0.2775 0.376667 0.275 0.366667 0.26 0.36 0.2625 0.34 0.2675 0.32 0.2475 0.3 0.2475 0.286667 0.275 0.253333 0.305 0.22 0.335 0.201667 0.3675 0.183333 0.3825 0.176667 0.3975 0.185 0.39 0.216667 0.39 0.233333 0.405 0.245 0.4225 0.245 0.4375 0.243333 0.45 0.253333 0.4425 0.265 0.4225 0.295 0.3975 0.291667 0.3625 0.315 0.35 0.318333 0.345 0.4 0.34 0.421667 0.3275 0.451667 0.345 0.45 0.335 0.515 0.315 0.59 0.305 0.615 0.28 0.65 0.28 0.66 0.2525 0.69 0.245 0.688333 0.27 0.66 0.265 0.656667 0.25 0.655 0.215 0.651667 0.205 0.631667 0.1875 0.643333 0.17 0.648333 0.16 0.638333 0.175 0.613333
7 0.44 0.775 0.4125 0.743333 0.3975 0.713333 0.3925 0.7 0.45 0.696667 0.5325 0.691667 0.5375 0.71 0.5325 0.745 0.5225 0.788333 0.5275 0.848333 0.525 0.863333 0.51 0.865 0.5175 0.895 0.5225 0.915 0.5025 0.913333 0.4625 0.92 0.4575 0.876667 0.4575 0.828333 0.4475 0.79
0 0.195 0.781667 0.2075 0.743333 0.215 0.71 0.2275 0.686667 0.2425 0.653333 0.2675 0.656667 0.2675 0.661667 0.2425 0.69 0.2575 0.69 0.28 0.661667 0.32 0.678333 0.365 0.696667 0.395 0.698333 0.395 0.743333 0.39 0.778333 0.37 0.815 0.31 0.82 0.275 0.818333 0.2175 0.815 0.195 0.801667
3 0.475 0.961667 0.46 0.953333 0.46 0.92 0.5025 0.913333 0.525 0.911667 0.53 0.925 0.5325 0.948333 0.5275 0.956667 0.5025 0.965
3 0.5425 0.883333 0.5225 0.901667 0.515 0.895 0.51 0.865 0.525 0.861667 0.5275 0.848333 0.525 0.785 0.54 0.793333 0.5475 0.801667 0.545 0.818333 0.555 0.845 0.5525 0.848333 0.5375 0.836667 0.5375 0.853333
8 0.43 0.241667 0.4275 0.238333 0.4125 0.238333 0.4075 0.233333 0.4 0.228333 0.39 0.216667 0.395 0.2 0.42 0.211667 0.4275 0.216667 0.435 0.23 0.43 0.241667 0.57 0.355 0.6125 0.346667 0.6275 0.351667 0.6425 0.348333 0.645 0.36 0.6325 0.37 0.6225 0.373333 0.6 0.373333 0.57 0.378333 0.57 0.355
