0 0.68 0.353333 0.7025 0.348333 0.7125 0.373333 0.7125 0.38 0.7275 0.418333 0.76 0.441667 0.77 0.455 0.7625 0.46 0.785 0.478333 0.8025 0.49 0.815 0.506667 0.8275 0.521667 0.8275 0.53 0.815 0.546667 0.77 0.57 0.705 0.595 0.675 0.603333 0.6275 0.61 0.5875 0.603333 0.5725 0.57 0.575 0.546667 0.58 0.515 0.59 0.463333 0.575 0.448333 0.5675 0.426667 0.57 0.41 0.5625 0.368333 0.5775 0.368333 0.585 0.378333 0.59 0.418333 0.5925 0.438333 0.605 0.456667 0.6725 0.466667 0.665 0.446667 0.665 0.421667 0.685 0.416667 0.7 0.413333 0.705 0.415 0.6775 0.373333
4 0.52 0.221667 0.5175 0.238333 0.51 0.251667 0.5125 0.266667 0.5125 0.316667 0.5125 0.323333 0.5375 0.328333 0.5675 0.328333 0.5925 0.323333 0.63 0.316667 0.645 0.333333 0.6525 0.353333 0.645 0.365 0.6225 0.378333 0.5975 0.373333 0.5775 0.366667 0.585 0.378333 0.5925 0.418333 0.5925 0.441667 0.605 0.458333 0.67 0.466667 0.665 0.42 0.6625 0.381667 0.675 0.375 0.68 0.351667 0.7 0.345 0.7 0.321667 0.695 0.305 0.6875 0.285 0.665 0.265 0.6625 0.25 0.645 0.213333 0.6325 0.193333 0.61 0.18 0.5725 0.168333 0.5675 0.173333 0.5525 0.193333 0.5375 0.193333
4 0.545 0.546667 0.56 0.55 0.575 0.546667 0.58 0.51 0.59 0.461667 0.5725 0.446667 0.5675 0.426667 0.57 0.406667 0.5625 0.368333 0.5425 0.361667 0.5175 0.353333 0.5225 0.383333 0.5325 0.41 0.5425 0.438333 0.5475 0.458333 0.54 0.488333 0.55 0.501667 0.5375 0.511667 0.5425 0.526667
4 0.435 0.478333 0.4125 0.39 0.4375 0.378333 0.44 0.385 0.43 0.398333 0.4475 0.418333 0.4475 0.451667
4 0.3975 0.345 0.4 0.296667 0.395 0.265 0.42 0.27 0.4225 0.298333 0.4375 0.328333 0.42 0.335
7 0.46 0.928333 0.495 0.936667 0.5375 0.936667 0.57 0.933333 0.5875 0.916667 0.575 0.868333 0.6025 0.853333 0.6225 0.838333 0.6175 0.826667 0.605 0.82 0.5875 0.773333 0.5875 0.731667 0.5825 0.693333 0.57 0.666667 0.56 0.64 0.5875 0.6 0.57 0.57 0.5775 0.541667 0.56 0.548333 0.5475 0.546667 0.54 0.525 0.5375 0.508333 0.5475 0.498333 0.5425 0.481667 0.5475 0.456667 0.545 0.435 0.5125 0.426667 0.5025 0.416667 0.4675 0.413333 0.4475 0.418333 0.4475 0.451667 0.4325 0.476667 0.4375 0.525 0.4375 0.58 0.455 0.641667 0.4525 0.666667 0.4675 0.715 0.4725 0.748333 0.47 0.78 0.4775 0.815 0.48 0.845 0.475 0.88
3 0.455 0.945 0.43 0.953333 0.4225 0.963333 0.44 0.973333 0.49 0.976667 0.52 0.971667 0.535 0.953333 0.54 0.936667 0.51 0.945 0.4825 0.953333 0.455 0.945 0.4675 0.903333 0.4575 0.9 0.455 0.888333 0.4775 0.88 0.4675 0.903333
3 0.61 0.896667 0.61 0.85 0.5775 0.868333 0.585 0.9 0.5975 0.9
8 0.515 0.355 0.495 0.358333 0.455 0.37 0.4525 0.38 0.44 0.385 0.43 0.398333 0.4475 0.418333 0.465 0.413333 0.495 0.416667 0.515 0.43 0.54 0.438333 0.5325 0.41 0.52 0.383333 0.515 0.355 0.515 0.325 0.6025 0.321667 0.63 0.316667 0.6475 0.333333 0.6525 0.351667 0.6425 0.366667 0.6075 0.37 0.62 0.363333 0.6225 0.35 0.615 0.333333 0.6025 0.321667 0.515 0.325 0.45 0.33 0.44 0.33 0.42 0.298333 0.4225 0.27 0.45 0.296667 0.4625 0.281667 0.4575 0.263333 0.44 0.245 0.445 0.208333 0.445 0.193333 0.46 0.193333 0.465 0.216667 0.47 0.241667 0.4775 0.221667 0.4875 0.211667 0.4825 0.23 0.47 0.25 0.465 0.265 0.4875 0.278333 0.5125 0.268333 0.5125 0.315 0.515 0.325
3 0.5625 0.961667 0.585 0.955 0.5775 0.928333 0.5675 0.936667 0.545 0.936667 0.545 0.956667 0.545 0.96
