6 0.5625 0.263333 0.5475 0.256667 0.5225 0.253333 0.515 0.245 0.51 0.25 0.52 0.258333 0.5175 0.273333 0.53 0.281667 0.5475 0.28 0.555 0.273333
8 0.465 0.475 0.5 0.483333 0.545 0.483333 0.585 0.483333 0.58 0.458333 0.575 0.443333 0.5775 0.43 0.5725 0.413333 0.575 0.39 0.565 0.366667 0.56 0.35 0.555 0.335 0.545 0.331667 0.53 0.35 0.5125 0.35 0.5 0.341667 0.4875 0.353333 0.47 0.363333 0.47 0.395 0.465 0.435 0.465 0.471667
1 0.585 0.491667 0.55 0.501667 0.505 0.5 0.4825 0.498333 0.4625 0.501667 0.46 0.521667 0.51 0.521667 0.5625 0.52 0.585 0.503333 0.5925 0.495
9 0.4625 0.526667 0.4575 0.56 0.4525 0.585 0.4625 0.595 0.475 0.578333 0.4825 0.596667 0.4975 0.586667 0.525 0.586667 0.5225 0.593333 0.56 0.586667 0.58 0.578333 0.6 0.566667 0.595 0.583333 0.605 0.576667 0.6 0.556667 0.6025 0.538333 0.575 0.526667 0.5625 0.52 0.5075 0.521667 0.46 0.521667
4 0.6425 0.468333 0.635 0.446667 0.64 0.431667 0.64 0.406667 0.6325 0.38 0.625 0.341667 0.6225 0.328333 0.615 0.32 0.6125 0.348333 0.63 0.38 0.6225 0.395 0.6375 0.408333 0.6175 0.406667 0.605 0.405 0.59 0.41 0.605 0.433333 0.605 0.446667 0.595 0.44 0.5875 0.441667 0.5775 0.43 0.575 0.445 0.58 0.458333 0.585 0.483333 0.585 0.493333 0.5925 0.495 0.5875 0.503333 0.6075 0.51 0.62 0.52 0.6125 0.533333 0.6 0.536667 0.6 0.556667 0.605 0.575 0.595 0.585 0.5825 0.611667 0.5725 0.643333 0.5775 0.645 0.5675 0.713333 0.57 0.718333 0.6025 0.716667 0.6075 0.648333 0.625 0.653333 0.6275 0.651667 0.6225 0.601667 0.6225 0.566667 0.625 0.556667 0.615 0.545 0.64 0.53 0.6475 0.516667 0.66 0.498333 0.66 0.485
4 0.465 0.383333 0.4425 0.353333 0.4325 0.363333 0.4225 0.42 0.415 0.426667 0.4075 0.406667 0.4125 0.386667 0.4025 0.385 0.4275 0.353333 0.44 0.325 0.3975 0.34 0.4175 0.325 0.375 0.33 0.4175 0.32 0.3925 0.313333 0.4275 0.306667 0.45 0.293333 0.43 0.293333 0.4025 0.298333 0.3775 0.316667 0.365 0.336667 0.3525 0.361667 0.355 0.368333 0.3275 0.401667 0.3175 0.43 0.34 0.445 0.3325 0.458333 0.3275 0.461667 0.3275 0.468333 0.3475 0.491667 0.355 0.503333 0.3425 0.528333 0.335 0.566667 0.33 0.611667 0.335 0.65 0.34 0.675 0.3325 0.715 0.3225 0.756667 0.3525 0.765 0.3625 0.733333 0.3725 0.668333 0.3875 0.668333 0.4175 0.673333 0.4275 0.648333 0.4425 0.608333 0.43 0.603333 0.41 0.6 0.3925 0.593333 0.385 0.586667 0.38 0.553333 0.38 0.538333 0.375 0.53 0.405 0.515 0.4125 0.531667 0.4225 0.545 0.4325 0.561667 0.435 0.575 0.4325 0.59 0.43 0.59 0.44 0.6 0.4325 0.605 0.4425 0.608333 0.4525 0.586667 0.4625 0.526667 0.46 0.52 0.4625 0.501667 0.465 0.473333 0.465 0.431667 0.47 0.39
0 0.3425 0.495 0.325 0.521667 0.32 0.53 0.2875 0.568333 0.2775 0.578333 0.29 0.586667 0.2925 0.596667 0.275 0.626667 0.2725 0.653333 0.3025 0.666667 0.3375 0.67 0.335 0.65 0.33 0.61 0.3375 0.565 0.3425 0.528333 0.355 0.503333 0.3475 0.491667
3 0.39 0.893333 0.39 0.868333 0.3975 0.878333 0.415 0.878333 0.43 0.878333 0.435 0.873333 0.4425 0.881667 0.44 0.886667 0.435 0.888333 0.4075 0.89 0.39 0.893333 0.395 0.896667 0.3975 0.93 0.4 0.945 0.4075 0.956667 0.425 0.965 0.4425 0.966667 0.455 0.96 0.4575 0.95 0.4525 0.95 0.4375 0.951667 0.4225 0.951667 0.42 0.946667 0.4325 0.938333 0.4575 0.936667 0.45 0.915 0.4425 0.895 0.44 0.9 0.425 0.905 0.4125 0.906667 0.395 0.896667
3 0.46 0.921667 0.4775 0.926667 0.4875 0.926667 0.49 0.921667 0.485 0.911667 0.4625 0.91 0.4675 0.896667 0.4825 0.878333 0.4875 0.871667 0.4925 0.878333 0.505 0.886667 0.52 0.885 0.5325 0.883333 0.52 0.913333 0.505 0.931667 0.495 0.94 0.4725 0.938333 0.4575 0.933333 0.4575 0.92
3 0.5375 0.875 0.5075 0.87 0.495 0.863333 0.5 0.853333 0.5125 0.86 0.525 0.861667 0.54 0.856667 0.5425 0.865
