3 0.5475 0.85 0.5575 0.85 0.56 0.871667 0.56 0.885 0.565 0.901667 0.57 0.93 0.57 0.946667 0.5525 0.956667 0.535 0.958333 0.525 0.956667 0.5375 0.931667 0.55 0.87
3 0.5475 0.85 0.5575 0.85 0.56 0.871667 0.56 0.885 0.565 0.901667 0.57 0.93 0.57 0.946667 0.5525 0.956667 0.535 0.958333 0.525 0.956667 0.5375 0.931667 0.55 0.87
7 0.4275 0.581667 0.45 0.568333 0.475 0.563333 0.5175 0.561667 0.56 0.556667 0.6075 0.566667 0.6275 0.57 0.6 0.623333 0.59 0.683333 0.59 0.733333 0.5725 0.796667 0.5525 0.848333 0.55 0.871667 0.5425 0.866667 0.5 0.863333 0.5 0.851667 0.5 0.826667 0.48 0.791667 0.4575 0.723333 0.455 0.675 0.455 0.67
1 0.5825 0.356667 0.535 0.36 0.505 0.358333 0.48 0.358333 0.385 0.39 0.38 0.386667 0.43 0.368333 0.46 0.356667 0.45 0.341667 0.5125 0.346667 0.585 0.345
10 0.5125 0.358333 0.5375 0.358333 0.585 0.358333 0.5875 0.363333 0.6 0.421667 0.62 0.481667 0.62 0.528333 0.62 0.55 0.6275 0.57 0.61 0.568333 0.56 0.558333 0.5175 0.561667 0.4725 0.566667 0.45 0.566667 0.44 0.553333 0.44 0.473333 0.445 0.41 0.45 0.368333 0.475 0.358333 0.5125 0.358333 0.515 0.346667 0.4525 0.341667 0.4575 0.336667 0.49 0.333333 0.5225 0.335 0.5575 0.335 0.58 0.335 0.585 0.345 0.515 0.346667
4 0.5875 0.238333 0.5875 0.28 0.59 0.316667 0.585 0.361667 0.6225 0.37 0.645 0.373333 0.66 0.385 0.68 0.365 0.675 0.33 0.645 0.313333 0.64 0.283333 0.64 0.251667 0.6375 0.238333 0.6 0.231667 0.5875 0.238333 0.485 0.226667 0.4725 0.23 0.455 0.216667 0.4625 0.201667 0.48 0.19 0.48 0.17 0.405 0.188333 0.4 0.263333 0.41 0.288333 0.4275 0.316667 0.4125 0.346667 0.395 0.38 0.43 0.368333 0.4525 0.335 0.465 0.303333 0.4675 0.263333 0.485 0.226667
8 0.505 0.243333 0.5325 0.246667 0.55 0.245 0.5825 0.235 0.57 0.271667 0.5775 0.316667 0.58 0.335 0.5575 0.335 0.52 0.336667 0.4875 0.333333 0.45 0.336667 0.4675 0.303333 0.4675 0.261667 0.48 0.236667
4 0.5875 0.236667 0.585 0.24 0.585 0.235 0.57 0.271667 0.5775 0.318333 0.5825 0.336667 0.585 0.345 0.5925 0.316667 0.5875 0.278333 0.5875 0.236667 0.675 0.19 0.6675 0.195 0.64 0.198333 0.4075 0.305 0.4075 0.325 0.5875 0.361667 0.45 0.366667 0.46 0.356667 0.45 0.345 0.43 0.366667 0.46 0.356667 0.45 0.366667 0.4125 0.38 0.4125 0.383333 0.4 0.41 0.405 0.476667 0.41 0.488333 0.4 0.511667 0.3975 0.543333 0.4 0.586667 0.4225 0.586667 0.4275 0.581667 0.4525 0.566667 0.44 0.553333 0.44 0.473333 0.445 0.408333 0.45 0.366667 0.5875 0.361667 0.62 0.37 0.645 0.371667 0.6575 0.385 0.6575 0.386667 0.67 0.443333 0.6775 0.535 0.68 0.578333 0.655 0.576667 0.625 0.575 0.625 0.57 0.62 0.55 0.6225 0.526667 0.62 0.481667 0.5975 0.42 0.5875 0.361667 0.4075 0.325 0.3875 0.34 0.3625 0.351667 0.3525 0.343333 0.35 0.328333 0.345 0.303333 0.335 0.275 0.345 0.285 0.36 0.28 0.37 0.276667 0.38 0.261667 0.38 0.291667 0.3925 0.3 0.4075 0.305 0.64 0.198333 0.6375 0.235 0.64 0.248333 0.64 0.281667 0.645 0.313333 0.675 0.33 0.7 0.33 0.725 0.311667 0.7325 0.291667 0.715 0.233333 0.6975 0.18 0.6825 0.175 0.675 0.19
0 0.3475 0.355 0.3375 0.381667 0.3175 0.401667 0.28 0.428333 0.295 0.508333 0.3175 0.535 0.355 0.543333 0.3975 0.545 0.4025 0.511667 0.4125 0.488333 0.4 0.471667 0.3975 0.406667 0.4125 0.38 0.375 0.388333 0.39 0.376667 0.4125 0.346667 0.4275 0.316667 0.41 0.285 0.405 0.296667 0.405 0.301667 0.405 0.321667 0.39 0.341667
6 0.505 0.116667 0.52 0.113333 0.5425 0.116667 0.555 0.118333 0.5675 0.118333 0.5925 0.12 0.6 0.121667 0.615 0.115 0.615 0.123333 0.6 0.136667 0.5875 0.143333 0.565 0.138333 0.555 0.13 0.545 0.138333 0.525 0.141667 0.505 0.133333
3 0.4975 0.863333 0.54 0.866667 0.55 0.871667 0.5375 0.931667 0.5175 0.971667 0.4825 0.98 0.4425 0.975 0.4375 0.965 0.46 0.925 0.4875 0.88 0.4975 0.863333 0.4975 0.863333 0.54 0.866667 0.55 0.871667 0.5375 0.931667 0.5175 0.971667 0.4825 0.98 0.4425 0.975 0.4375 0.965 0.46 0.925 0.4875 0.88 0.4975 0.863333
