11 0.4175 0.128333 0.4175 0.106667 0.4275 0.0833333 0.445 0.0666667 0.4675 0.0566667 0.4925 0.055 0.51 0.0533333 0.5375 0.0666667 0.5425 0.07 0.55 0.0866667 0.555 0.115 0.56 0.0883333 0.5475 0.0633333 0.5175 0.0433333 0.4625 0.0416667 0.4075 0.0616667 0.4 0.0783333 0.3975 0.0966667 0.4125 0.136667
8 0.5575 0.203333 0.51 0.233333 0.4775 0.243333 0.445 0.253333 0.435 0.25 0.42 0.23 0.405 0.2 0.3775 0.228333 0.355 0.26 0.3675 0.305 0.375 0.333333 0.415 0.34 0.4675 0.341667 0.5175 0.335 0.54 0.301667 0.5525 0.276667 0.5525 0.255 0.5525 0.221667
8 0.46 0.38 0.4675 0.4 0.4875 0.411667 0.505 0.416667 0.505 0.395 0.5075 0.373333 0.455 0.371667
8 0.39 0.383333 0.3675 0.381667 0.37 0.4 0.3875 0.393333
1 0.4475 0.373333 0.425 0.373333 0.42 0.376667 0.395 0.376667 0.39 0.383333 0.3875 0.395 0.39 0.4 0.46 0.4 0.47 0.4 0.4575 0.378333 0.4575 0.371667
9 0.3175 0.503333 0.33 0.495 0.355 0.495 0.3775 0.496667 0.415 0.503333 0.44 0.511667 0.45 0.518333 0.445 0.533333 0.4475 0.535 0.465 0.531667 0.4675 0.516667 0.49 0.516667 0.5075 0.513333 0.5175 0.51 0.525 0.491667 0.5225 0.473333 0.51 0.451667 0.505 0.416667 0.4875 0.411667 0.47 0.4 0.3875 0.4 0.39 0.395 0.3675 0.401667 0.3225 0.483333
4 0.4675 0.621667 0.465 0.553333 0.465 0.531667 0.45 0.535 0.4425 0.533333 0.4375 0.55 0.4175 0.61 0.4175 0.625 0.4375 0.626667 0.4675 0.621667 0.5125 0.64 0.5175 0.666667 0.555 0.67 0.5925 0.678333 0.625 0.663333 0.635 0.651667 0.6425 0.63 0.64 0.573333 0.6425 0.52 0.6325 0.471667 0.635 0.458333 0.6225 0.42 0.6075 0.383333 0.6375 0.368333 0.66 0.343333 0.6675 0.331667 0.675 0.313333 0.67 0.298333 0.6775 0.281667 0.6625 0.26 0.6425 0.225 0.615 0.2 0.5775 0.195 0.55 0.186667 0.55 0.19 0.56 0.196667 0.5525 0.223333 0.5525 0.276667 0.54 0.303333 0.5175 0.336667 0.555 0.331667 0.5675 0.338333 0.575 0.355 0.5625 0.376667 0.51 0.373333 0.505 0.395 0.37 0.4 0.3675 0.381667 0.3375 0.381667 0.3325 0.375 0.315 0.355 0.32 0.351667 0.3175 0.343333 0.3375 0.343333 0.3525 0.338333 0.375 0.335 0.3675 0.305 0.355 0.26 0.3775 0.228333 0.41 0.198333 0.425 0.181667 0.3775 0.185 0.34 0.186667 0.3175 0.196667 0.295 0.226667 0.2825 0.226667 0.275 0.25 0.28 0.271667 0.26 0.293333 0.26 0.306667 0.27 0.335 0.2725 0.35 0.2925 0.35 0.305 0.353333 0.315 0.355 0.3325 0.375 0.3 0.438333 0.285 0.473333 0.2925 0.496667 0.29 0.526667 0.2925 0.541667 0.2825 0.541667 0.285 0.556667 0.265 0.55 0.25 0.6 0.2475 0.613333 0.2375 0.636667 0.2575 0.64 0.2775 0.646667 0.3 0.645 0.31 0.633333 0.3075 0.571667 0.305 0.52 0.315 0.501667 0.3175 0.503333 0.3225 0.483333 0.37 0.4 0.505 0.395 0.51 0.45 0.5225 0.473333 0.525 0.491667 0.52 0.508333 0.5275 0.518333 0.5275 0.54 0.5125 0.588333 0.5125 0.6 0.5125 0.64
7 0.45 0.52 0.4425 0.511667 0.4125 0.503333 0.3775 0.496667 0.355 0.495 0.33 0.495 0.3125 0.505 0.305 0.52 0.3075 0.581667 0.31 0.638333 0.3075 0.678333 0.3025 0.711667 0.3 0.715 0.3025 0.76 0.31 0.806667 0.3125 0.821667 0.31 0.836667 0.315 0.85 0.325 0.855 0.3275 0.85 0.3375 0.85 0.3475 0.856667 0.355 0.856667 0.3675 0.851667 0.3825 0.84 0.375 0.81 0.385 0.776667 0.3975 0.758333 0.4025 0.733333 0.4 0.71 0.4 0.701667 0.4175 0.668333 0.4175 0.625 0.4175 0.61 0.4375 0.55 0.4425 0.533333 0.445 0.531667 0.45 0.52 0.4675 0.516667 0.465 0.54 0.465 0.551667 0.465 0.623333 0.4675 0.666667 0.475 0.68 0.48 0.708333 0.4725 0.756667 0.4675 0.805 0.4675 0.821667 0.465 0.841667 0.49 0.846667 0.5175 0.851667 0.5425 0.796667 0.56 0.75 0.5675 0.705 0.5625 0.671667 0.555 0.67 0.5175 0.666667 0.5125 0.641667 0.5125 0.588333 0.5275 0.54 0.5275 0.518333 0.52 0.508333 0.5075 0.513333 0.4925 0.516667 0.4675 0.516667
3 0.31 0.908333 0.3025 0.925 0.305 0.951667 0.3175 0.968333 0.3325 0.971667 0.35 0.975 0.3725 0.975 0.3825 0.961667 0.3875 0.935 0.3825 0.916667 0.3825 0.876667 0.3925 0.851667 0.39 0.83 0.375 0.811667 0.3825 0.838333 0.3675 0.851667 0.355 0.856667 0.3475 0.855 0.34 0.85 0.3275 0.85 0.325 0.855 0.315 0.85 0.31 0.836667 0.3125 0.825 0.3025 0.838333 0.3175 0.863333 0.3125 0.903333
3 0.4275 0.95 0.41 0.99 0.4125 0.998333 0.4875 0.998333 0.5075 0.99 0.5025 0.973333 0.505 0.928333 0.51 0.905 0.51 0.891667 0.5225 0.853333 0.5175 0.85 0.49 0.845 0.4625 0.843333 0.45 0.843333 0.4325 0.85 0.4375 0.868333 0.435 0.888333 0.4375 0.908333
