2 0.3825 0.846667 0.3575 0.856667 0.3475 0.856667 0.345 0.851667 0.3375 0.85 0.3375 0.875 0.33 0.898333 0.3125 0.928333 0.31 0.943333 0.315 0.973333 0.3275 0.978333 0.3375 0.978333 0.3475 0.978333 0.37 0.975 0.375 0.973333 0.3725 0.961667 0.3775 0.961667 0.38 0.958333 0.39 0.958333 0.3975 0.951667 0.3975 0.92 0.3975 0.885 0.3975 0.873333 0.3975 0.865 0.39 0.851667
2 0.5375 0.855 0.5375 0.88 0.5375 0.905 0.53 0.92 0.525 0.931667 0.51 0.948333 0.5025 0.953333 0.5125 0.976667 0.5175 0.985 0.5525 0.98 0.5575 0.975 0.5575 0.981667 0.5775 0.975 0.59 0.973333 0.5925 0.963333 0.5925 0.958333 0.595 0.945 0.5975 0.931667 0.5975 0.926667 0.6025 0.933333 0.6075 0.95 0.6225 0.95 0.6325 0.945 0.6325 0.938333 0.63 0.918333 0.63 0.896667 0.6275 0.881667 0.6275 0.875 0.615 0.851667 0.6075 0.848333 0.6025 0.845 0.5975 0.838333 0.59 0.848333 0.59 0.851667 0.5775 0.855 0.5625 0.855 0.545 0.858333
7 0.33 0.563333 0.3375 0.633333 0.3425 0.675 0.335 0.703333 0.3275 0.726667 0.3275 0.78 0.3375 0.833333 0.34 0.848333 0.345 0.851667 0.3475 0.855 0.36 0.855 0.385 0.846667 0.385 0.841667 0.3925 0.81 0.4025 0.768333 0.405 0.751667 0.4075 0.713333 0.4125 0.7 0.425 0.671667 0.4325 0.626667 0.445 0.585 0.4475 0.583333 0.44 0.638333 0.435 0.7 0.455 0.728333 0.4625 0.735 0.4925 0.771667 0.5275 0.821667 0.5375 0.841667 0.5375 0.85 0.5425 0.858333 0.565 0.855 0.5825 0.855 0.59 0.85 0.595 0.843333 0.595 0.838333 0.5875 0.835 0.5825 0.801667 0.5775 0.77 0.56 0.733333 0.5375 0.711667 0.525 0.691667 0.525 0.68 0.55 0.626667 0.5625 0.603333 0.575 0.591667 0.57 0.576667 0.515 0.566667 0.4575 0.573333 0.405 0.561667 0.3775 0.56 0.3525 0.568333
0 0.6125 0.581667 0.595 0.635 0.5925 0.641667 0.59 0.648333 0.585 0.665 0.585 0.675 0.57 0.703333 0.5575 0.716667 0.55 0.726667 0.5625 0.736667 0.5775 0.768333 0.5825 0.788333 0.5975 0.796667 0.6575 0.796667 0.6625 0.795 0.6725 0.793333 0.685 0.785 0.685 0.776667 0.6725 0.751667 0.67 0.698333 0.67 0.688333 0.675 0.685 0.675 0.675 0.6675 0.668333 0.66 0.653333 0.6625 0.611667 0.6575 0.565 0.6575 0.546667 0.6525 0.536667 0.65 0.531667 0.645 0.538333 0.6425 0.546667 0.6325 0.555 0.6275 0.573333
10 0.4975 0.371667 0.42 0.375 0.405 0.376667 0.385 0.416667 0.37 0.445 0.355 0.443333 0.34 0.441667 0.335 0.448333 0.325 0.455 0.315 0.473333 0.3125 0.488333 0.305 0.513333 0.28 0.555 0.3025 0.56 0.315 0.561667 0.3325 0.563333 0.355 0.568333 0.38 0.558333 0.405 0.561667 0.4575 0.573333 0.5175 0.566667 0.5675 0.575 0.575 0.583333 0.58 0.583333 0.605 0.581667 0.615 0.581667 0.6275 0.573333 0.6325 0.553333 0.6225 0.551667 0.6225 0.545 0.6275 0.531667 0.625 0.518333 0.6125 0.478333 0.6025 0.455 0.6 0.473333 0.6 0.485 0.595 0.495 0.57 0.498333 0.5625 0.478333 0.57 0.475 0.575 0.461667 0.58 0.445 0.555 0.448333 0.5525 0.456667 0.55 0.458333 0.5425 0.455 0.54 0.443333 0.53 0.435 0.51 0.413333 0.505 0.395
1 0.305 0.561667 0.2775 0.555 0.2775 0.556667 0.26 0.586667 0.27 0.598333 0.29 0.591667 0.305 0.561667 0.57 0.498333 0.595 0.495 0.5975 0.486667 0.6 0.473333 0.6 0.458333 0.605 0.451667 0.6075 0.446667 0.6025 0.436667 0.595 0.425 0.5875 0.421667 0.58 0.445 0.575 0.465 0.5725 0.475 0.5625 0.478333 0.57 0.498333
8 0.4375 0.248333 0.435 0.293333 0.41 0.366667 0.405 0.375 0.42 0.375 0.4975 0.371667 0.4875 0.328333 0.4825 0.298333 0.5 0.266667 0.52 0.233333 0.5075 0.243333 0.49 0.246667 0.4725 0.245 0.4675 0.243333 0.46 0.235 0.445 0.231667 0.445 0.238333
8 0.4575 0.178333 0.4625 0.22 0.4725 0.231667 0.4925 0.23 0.5025 0.223333 0.5125 0.208333 0.52 0.198333 0.52 0.183333 0.5125 0.18 0.51 0.17 0.4975 0.178333 0.47 0.178333 0.465 0.176667 0.4575 0.171667
4 0.435 0.291667 0.4375 0.246667 0.4325 0.238333 0.4225 0.236667 0.4125 0.236667 0.415 0.243333 0.425 0.258333 0.425 0.263333 0.405 0.27 0.3925 0.27 0.3925 0.261667 0.3625 0.266667 0.36 0.263333 0.3675 0.253333 0.37 0.25 0.3625 0.236667 0.38 0.213333 0.3825 0.195 0.375 0.186667 0.3625 0.195 0.3625 0.198333 0.3575 0.203333 0.3425 0.213333 0.3375 0.216667 0.3375 0.221667 0.345 0.223333 0.3375 0.23 0.34 0.236667 0.3425 0.263333 0.345 0.3 0.3425 0.308333 0.3375 0.318333 0.3325 0.36 0.3225 0.398333 0.315 0.415 0.3025 0.445 0.2975 0.47 0.2925 0.485 0.2875 0.493333 0.2975 0.496667 0.3075 0.496667 0.315 0.468333 0.3275 0.451667 0.335 0.446667 0.3375 0.44 0.37 0.445 0.385 0.416667 0.405 0.375 0.42 0.341667 0.435 0.291667 0.4825 0.298333 0.52 0.231667 0.5475 0.195 0.5475 0.186667 0.5525 0.18 0.5525 0.17 0.5425 0.163333 0.55 0.163333 0.5575 0.165 0.58 0.171667 0.61 0.183333 0.615 0.18 0.6375 0.186667 0.6475 0.188333 0.6475 0.191667 0.6475 0.196667 0.6625 0.2 0.6675 0.203333 0.6675 0.221667 0.6675 0.225 0.6625 0.231667 0.67 0.288333 0.6625 0.343333 0.66 0.358333 0.67 0.358333 0.665 0.37 0.67 0.398333 0.6775 0.411667 0.675 0.453333 0.675 0.48 0.6675 0.481667 0.6675 0.488333 0.67 0.496667 0.675 0.51 0.645 0.508333 0.6225 0.508333 0.6075 0.47 0.6025 0.455 0.6075 0.443333 0.595 0.425 0.5875 0.42 0.58 0.445 0.555 0.446667 0.5575 0.455 0.5525 0.456667 0.545 0.456667 0.5375 0.443333 0.51 0.413333 0.4975 0.365 0.4875 0.325 0.4825 0.298333
11 0.4575 0.03 0.43 0.04 0.415 0.045 0.415 0.0483333 0.4225 0.0516667 0.4075 0.0633333 0.4 0.0833333 0.4 0.105 0.4025 0.11 0.4175 0.0983333 0.4425 0.0866667 0.47 0.0866667 0.4875 0.0883333 0.5175 0.0933333 0.53 0.0983333 0.55 0.111667 0.555 0.115 0.55 0.0916667 0.55 0.075 0.5425 0.0633333 0.54 0.06 0.54 0.055 0.5425 0.0483333 0.53 0.0416667 0.5175 0.0366667 0.5075 0.0316667 0.495 0.03 0.4725 0.0283333
