8 0.4425 0.495 0.44 0.508333 0.4525 0.528333 0.455 0.553333 0.4525 0.571667 0.45 0.59 0.4725 0.59 0.505 0.59 0.5225 0.595 0.525 0.58 0.52 0.558333 0.5175 0.538333 0.5175 0.523333 0.5175 0.508333 0.5175 0.496667 0.5075 0.495 0.495 0.505 0.5 0.516667 0.505 0.533333 0.5025 0.548333 0.4975 0.555 0.485 0.553333 0.4925 0.54 0.495 0.528333 0.4875 0.518333 0.475 0.521667 0.465 0.51 0.455 0.503333
1 0.45 0.59 0.4475 0.595 0.4575 0.595 0.4775 0.595 0.4875 0.593333 0.505 0.595 0.5225 0.595 0.52 0.591667 0.505 0.59 0.4875 0.59 0.47 0.59
6 0.4325 0.453333 0.435 0.45 0.4425 0.446667 0.4525 0.446667 0.46 0.448333 0.4625 0.446667 0.465 0.441667 0.47 0.438333 0.475 0.438333 0.4825 0.435 0.49 0.438333 0.4925 0.443333 0.4925 0.45 0.485 0.453333 0.4725 0.455 0.4675 0.45 0.4575 0.45 0.4575 0.455 0.455 0.46 0.445 0.465 0.4375 0.463333 0.43 0.456667
4 0.515 0.513333 0.52 0.495 0.54 0.495 0.555 0.503333 0.56 0.53 0.5625 0.545 0.565 0.595 0.5775 0.631667 0.5725 0.636667 0.565 0.625 0.555 0.625 0.545 0.633333 0.5425 0.64 0.53 0.628333 0.5275 0.591667 0.5225 0.568333 0.5175 0.543333 0.515 0.513333 0.4075 0.493333 0.3925 0.493333 0.38 0.498333 0.3725 0.508333 0.3775 0.521667 0.38 0.536667 0.385 0.546667 0.4 0.55 0.3925 0.556667 0.3975 0.568333 0.395 0.59 0.385 0.615 0.38 0.631667 0.37 0.651667 0.365 0.666667 0.3625 0.681667 0.41 0.685 0.4225 0.683333 0.4275 0.663333 0.44 0.63 0.4425 0.598333 0.4475 0.573333 0.4525 0.555 0.45 0.533333 0.4475 0.516667 0.44 0.516667 0.4375 0.521667 0.4425 0.55 0.4375 0.563333 0.42 0.561667 0.405 0.558333 0.4 0.55 0.385 0.546667 0.3975 0.516667 0.4075 0.493333
9 0.4775 0.671667 0.4925 0.67 0.51 0.668333 0.515 0.66 0.51 0.643333 0.525 0.64 0.5425 0.638333 0.53 0.625 0.525 0.595 0.505 0.595 0.4575 0.595 0.445 0.595 0.44 0.63 0.4275 0.663333 0.425 0.67 0.4425 0.67 0.4525 0.673333 0.475 0.678333
0 0.56 0.698333 0.5475 0.701667 0.54 0.706667 0.5275 0.703333 0.525 0.686667 0.5225 0.671667 0.515 0.66 0.51 0.643333 0.525 0.64 0.5475 0.636667 0.555 0.65 0.56 0.655 0.5575 0.661667 0.55 0.668333 0.555 0.681667 0.555 0.696667
3 0.4025 0.903333 0.3975 0.933333 0.4125 0.945 0.4375 0.941667 0.4425 0.923333 0.445 0.915 0.4275 0.918333 0.4025 0.913333 0.4025 0.903333 0.4025 0.886667 0.4125 0.873333 0.42 0.878333 0.445 0.878333 0.4475 0.885 0.415 0.885 0.4275 0.923333 0.4375 0.928333 0.43 0.933333 0.4175 0.931667 0.4275 0.923333 0.415 0.885 0.4025 0.886667
3 0.4425 0.925 0.4525 0.92 0.4675 0.923333 0.46 0.928333
3 0.445 0.916667 0.48 0.913333 0.485 0.92 0.485 0.943333 0.465 0.943333 0.45 0.943333 0.44 0.94 0.44 0.925 0.445 0.916667 0.445 0.916667 0.48 0.913333 0.485 0.92 0.485 0.943333 0.465 0.943333 0.45 0.943333 0.44 0.94 0.44 0.925 0.445 0.916667
3 0.4525 0.883333 0.4575 0.878333 0.4875 0.883333 0.4875 0.89
