1 0.46 0.315 0.495 0.318333 0.5325 0.32 0.5825 0.318333 0.5975 0.32 0.6 0.318333 0.6125 0.316667 0.63 0.321667 0.655 0.313333 0.685 0.3 0.6925 0.3 0.7 0.315 0.6625 0.33 0.65 0.331667 0.7125 0.328333 0.755 0.326667 0.765 0.333333 0.7625 0.34 0.7525 0.341667 0.655 0.345 0.6125 0.346667 0.57 0.345 0.51 0.341667 0.4575 0.331667 0.4525 0.323333
2 0.335 0.686667 0.3175 0.705 0.325 0.706667 0.31 0.726667 0.2925 0.751667 0.275 0.766667 0.27 0.773333 0.2625 0.783333 0.26 0.791667 0.2675 0.8 0.29 0.803333 0.3025 0.803333 0.31 0.801667 0.33 0.79 0.34 0.765 0.37 0.73 0.3775 0.728333 0.3775 0.723333 0.38 0.715 0.39 0.703333 0.3925 0.698333 0.3725 0.703333 0.35 0.7 0.345 0.686667 0.3425 0.685
2 0.535 0.723333 0.5275 0.758333 0.505 0.785 0.4975 0.79 0.47 0.803333 0.47 0.806667 0.465 0.813333 0.465 0.82 0.4875 0.825 0.5125 0.825 0.54 0.82 0.5525 0.818333 0.5625 0.806667 0.5825 0.801667 0.58 0.795 0.58 0.791667 0.5975 0.778333 0.5975 0.758333 0.59 0.75 0.59 0.743333 0.5975 0.738333 0.6 0.733333 0.595 0.721667 0.59 0.716667 0.56 0.716667 0.55 0.721667
7 0.41 0.681667 0.4075 0.683333 0.39 0.698333 0.3725 0.705 0.3475 0.698333 0.3425 0.683333 0.3475 0.68 0.3525 0.661667 0.3575 0.666667 0.3975 0.676667 0.41 0.681667 0.545 0.695 0.5475 0.7 0.54 0.716667 0.5375 0.723333 0.5475 0.721667 0.56 0.716667 0.5925 0.716667 0.5975 0.721667 0.5975 0.716667 0.605 0.701667 0.61 0.696667 0.605 0.696667 0.5675 0.686667 0.5525 0.686667 0.545 0.695
8 0.4225 0.215 0.4175 0.228333 0.4175 0.241667 0.4375 0.275 0.445 0.29 0.4525 0.293333 0.4525 0.303333 0.46 0.315 0.5025 0.318333 0.5325 0.318333 0.59 0.32 0.5975 0.318333 0.61 0.316667 0.635 0.32 0.665 0.31 0.6825 0.301667 0.685 0.296667 0.6875 0.29 0.6825 0.275 0.68 0.265 0.6775 0.251667 0.6675 0.24 0.6625 0.223333 0.6475 0.208333 0.6125 0.185 0.5875 0.161667 0.58 0.143333 0.56 0.145 0.5525 0.146667 0.555 0.19 0.545 0.203333 0.5175 0.22 0.4875 0.228333 0.455 0.228333 0.43 0.23 0.425 0.216667
11 0.36 0.105 0.365 0.121667 0.3875 0.153333 0.385 0.161667 0.36 0.158333 0.3375 0.151667 0.33 0.136667 0.33 0.128333 0.335 0.116667 0.355 0.0966667 0.36 0.0933333 0.3625 0.0833333 0.375 0.0716667 0.3875 0.0633333 0.41 0.0583333 0.435 0.0616667 0.4575 0.065 0.48 0.07 0.5 0.075 0.51 0.085 0.5175 0.0916667 0.5125 0.111667 0.5 0.101667 0.4725 0.09 0.4325 0.085 0.4125 0.0816667 0.3925 0.0833333 0.37 0.095
12 0.075 0.291667 0.03 0.358333 0 0.42 0 0.575 0.0225 0.568333 0.0225 0.556667 0.02 0.553333 0.0275 0.543333 0.0375 0.53 0.04 0.511667 0.055 0.52 0.065 0.526667 0.075 0.52 0.085 0.505 0.0875 0.48 0.1025 0.453333 0.12 0.433333 0.1275 0.406667 0.125 0.396667 0.13 0.373333 0.1275 0.351667 0.11 0.341667 0.1075 0.335 0.0925 0.323333 0.0775 0.316667 0.075 0.315 0.0775 0.296667 0.0775 0.293333
10 0.7175 0.343333 0.6125 0.346667 0.51 0.341667 0.4575 0.331667 0.45 0.331667 0.45 0.336667 0.44 0.365 0.44 0.38 0.43 0.41 0.4125 0.433333 0.4175 0.443333 0.415 0.481667 0.4125 0.515 0.4075 0.546667 0.3925 0.575 0.42 0.588333 0.475 0.585 0.53 0.576667 0.595 0.551667 0.655 0.523333 0.7275 0.485 0.7525 0.471667 0.7525 0.5 0.7525 0.511667 0.74 0.518333 0.745 0.548333 0.7625 0.546667 0.7875 0.551667 0.7975 0.545 0.8275 0.521667 0.85 0.501667 0.8625 0.483333 0.8825 0.468333 0.93 0.435 0.955 0.411667 0.9625 0.386667 0.96 0.375 0.9725 0.36 0.9825 0.345 0.9875 0.336667 0.995 0.331667 0.9775 0.306667 0.9575 0.293333 0.95 0.303333 0.9425 0.303333 0.9375 0.296667 0.8925 0.308333 0.8125 0.333333 0.7525 0.351667 0.7275 0.356667 0.725 0.355 0.7225 0.348333 0.7175 0.343333 0.71 0.328333 0.66 0.33 0.7025 0.315 0.71 0.328333
10 0.745 0.555 0.755 0.641667 0.76 0.668333 0.76 0.68 0.745 0.681667 0.7475 0.69 0.74 0.691667 0.705 0.69 0.695 0.691667 0.675 0.693333 0.605 0.696667 0.5675 0.686667 0.5525 0.686667 0.545 0.695 0.5125 0.696667 0.4825 0.691667 0.44 0.683333 0.4275 0.685 0.415 0.683333 0.39 0.675 0.3575 0.666667 0.355 0.663333 0.3475 0.653333 0.36 0.626667 0.3825 0.59 0.3925 0.575 0.42 0.59 0.475 0.585 0.53 0.576667 0.595 0.551667 0.655 0.523333 0.725 0.485 0.7525 0.47 0.7525 0.51 0.7375 0.518333
12 0.4175 0.361667 0.37 0.356667 0.3425 0.346667 0.33 0.408333 0.33 0.446667 0.355 0.453333 0.3725 0.451667 0.395 0.448333 0.4175 0.441667 0.4125 0.431667 0.43 0.408333 0.44 0.38 0.4375 0.363333 0.4175 0.361667 0.4175 0.353333 0.4375 0.351667 0.445 0.35 0.45 0.335 0.4475 0.331667 0.46 0.331667 0.4525 0.321667 0.46 0.315 0.4525 0.301667 0.4525 0.293333 0.445 0.29 0.4275 0.26 0.4175 0.24 0.585 0.16 0.555 0.181667 0.53 0.175 0.5225 0.176667 0.5225 0.185 0.5075 0.205 0.505 0.206667 0.495 0.213333 0.49 0.223333 0.4775 0.218333 0.46 0.213333 0.455 0.223333 0.455 0.228333 0.49 0.225 0.5225 0.218333 0.545 0.203333 0.5575 0.186667 0.555 0.181667 0.585 0.16 0.5775 0.141667 0.5875 0.141667 0.6075 0.14 0.64 0.145 0.6875 0.161667 0.7325 0.18 0.78 0.198333 0.8175 0.213333 0.87 0.226667 0.925 0.238333 0.9325 0.241667 0.9025 0.25 0.8425 0.256667 0.8225 0.261667 0.8725 0.261667 0.9075 0.26 0.9225 0.263333 0.9325 0.273333 0.94 0.288333 0.94 0.296667 0.8975 0.305 0.8425 0.306667 0.765 0.305 0.7275 0.303333 0.7075 0.303333 0.6925 0.301667 0.685 0.296667 0.685 0.276667 0.6775 0.251667 0.6675 0.238333 0.6625 0.22 0.6475 0.206667 0.6075 0.183333 0.585 0.16 0.4175 0.24 0.405 0.246667 0.3975 0.253333 0.395 0.266667 0.38 0.291667 0.3775 0.308333 0.3825 0.316667 0.3725 0.315 0.37 0.315 0.38 0.33 0.4 0.343333 0.4175 0.353333
