6 0.4275 0.211667 0.3875 0.201667 0.375 0.17 0.4025 0.148333 0.4275 0.156667 0.47 0.171667 0.485 0.158333 0.5275 0.153333 0.56 0.176667 0.5825 0.161667 0.5875 0.17 0.5675 0.186667 0.5525 0.201667 0.535 0.206667 0.5075 0.206667 0.4775 0.18 0.455 0.195 0.4425 0.205
4 0.255 0.275 0.2875 0.258333 0.3325 0.246667 0.36 0.25 0.375 0.278333 0.3825 0.293333 0.45 0.285 0.4725 0.263333 0.5075 0.273333 0.5525 0.31 0.5425 0.346667 0.515 0.386667 0.5125 0.426667 0.485 0.461667 0.4575 0.523333 0.425 0.593333 0.39 0.656667 0.355 0.705 0.295 0.808333 0.265 0.78 0.27 0.691667 0.3075 0.608333 0.3325 0.528333 0.3525 0.495 0.345 0.43 0.3325 0.363333 0.3075 0.305
4 0.6825 0.211667 0.785 0.245 0.845 0.255 0.84 0.3 0.8075 0.305 0.795 0.378333 0.7775 0.475 0.755 0.555 0.7425 0.613333 0.7425 0.671667 0.72 0.735 0.69 0.778333 0.6625 0.778333 0.6475 0.706667 0.6375 0.636667 0.63 0.57 0.6325 0.505 0.6125 0.445 0.6025 0.381667 0.6125 0.328333 0.675 0.328333 0.7125 0.3 0.6975 0.28
4 0.7775 0.763333 0.78 0.72 0.8075 0.665 0.83 0.705 0.8425 0.738333 0.8 0.755
4 0.3725 0.688333 0.4325 0.561667 0.4775 0.475 0.51 0.406667 0.52 0.336667 0.5475 0.296667 0.5725 0.283333 0.56 0.32 0.615 0.34 0.6175 0.431667 0.6325 0.495 0.63 0.585 0.6425 0.646667 0.66 0.693333 0.665 0.73 0.62 0.731667 0.585 0.726667 0.545 0.718333 0.4925 0.706667 0.43 0.695 0.3725 0.698333
4 0.78 0.365 0.78 0.338333 0.805 0.293333 0.83 0.308333 0.8475 0.365 0.8675 0.438333 0.8675 0.486667 0.8675 0.505 0.865 0.523333 0.865 0.551667 0.845 0.578333 0.8325 0.588333 0.8375 0.62 0.825 0.621667 0.82 0.603333 0.775 0.59 0.7375 0.601667 0.7525 0.553333 0.775 0.488333 0.78 0.423333
4 0.2225 0.61 0.235 0.573333 0.21 0.57 0.2075 0.553333 0.23 0.536667 0.2125 0.523333 0.23 0.503333 0.2175 0.478333 0.2225 0.453333 0.2375 0.39 0.27 0.346667 0.285 0.301667 0.3175 0.293333 0.325 0.336667 0.345 0.39 0.35 0.421667 0.3475 0.458333 0.36 0.491667 0.345 0.525 0.335 0.54 0.33 0.565 0.3325 0.59 0.3 0.59 0.27 0.603333
10 0.37 0.706667 0.405 0.695 0.4975 0.706667 0.545 0.715 0.5875 0.726667 0.615 0.73 0.6575 0.735 0.6675 0.778333 0.675 0.785 0.65 0.826667 0.6525 0.861667 0.6475 0.883333 0.6525 0.89 0.68 0.898333 0.7 0.888333 0.695 0.9 0.645 0.906667 0.6125 0.908333 0.5775 0.906667 0.57 0.87 0.525 0.871667 0.475 0.873333 0.4425 0.876667 0.3725 0.88 0.33 0.891667 0.315 0.866667 0.3025 0.823333 0.305 0.79 0.335 0.736667 0.3575 0.71
7 0.3425 0.895 0.3625 0.888333 0.395 0.873333 0.44 0.873333 0.515 0.871667 0.5575 0.875 0.5675 0.896667 0.6075 0.906667 0.695 0.906667 0.6875 0.92 0.6575 0.968333 0.645 0.998333 0.6075 0.998333 0.5125 0.998333 0.44 0.998333 0.4225 0.998333 0.4 0.968333 0.36 0.92
0 0.0925 0.633333 0.1125 0.628333 0.155 0.631667 0.2275 0.66 0.2175 0.721667 0.2175 0.756667 0.215 0.798333 0.1975 0.836667 0.1925 0.875 0.195 0.906667 0.22 0.926667 0.285 0.928333 0.3 0.873333 0.3175 0.893333 0.3475 0.91 0.355 0.92 0.325 0.93 0.305 0.935 0.2675 0.94 0.2175 0.931667 0.1825 0.921667 0.1725 0.933333 0.1575 0.938333 0.135 0.925 0.13 0.895 0.1 0.888333 0.1125 0.866667 0.1325 0.835 0.1425 0.813333 0.165 0.78 0.1675 0.763333 0.1825 0.745 0.17 0.721667 0.15 0.7 0.14 0.685 0.0975 0.655 0.0825 0.64
