11 0.62 0.0966667 0.62 0.0566667 0.605 0.0283333 0.5625 0.00666667 0.5475 0.0116667 0.525 0.015 0.4925 0.03 0.4725 0.045 0.4575 0.0783333 0.455 0.095 0.46 0.116667 0.475 0.0983333 0.4925 0.0883333 0.52 0.0833333 0.555 0.0866667 0.58 0.0966667 0.605 0.108333 0.615 0.12 0.635 0.133333 0.615 0.115
12 0.56 0.226667 0.57 0.201667 0.5775 0.176667 0.5875 0.156667 0.5825 0.145 0.545 0.171667 0.52 0.173333 0.485 0.16 0.4775 0.145 0.465 0.161667 0.46 0.18 0.45 0.196667 0.45 0.223333 0.465 0.251667 0.46 0.276667 0.4525 0.296667 0.46 0.336667 0.4575 0.355 0.445 0.361667 0.4675 0.371667 0.4975 0.368333 0.515 0.375 0.525 0.35 0.5325 0.341667 0.5425 0.296667 0.545 0.258333 0.55 0.235
4 0.5575 0.516667 0.5875 0.521667 0.5875 0.533333 0.6075 0.526667 0.615 0.515 0.6175 0.513333 0.6325 0.51 0.665 0.518333 0.6875 0.518333 0.695 0.476667 0.695 0.41 0.7 0.361667 0.705 0.326667 0.72 0.321667 0.7175 0.301667 0.69 0.228333 0.685 0.201667 0.645 0.166667 0.63 0.203333 0.64 0.221667 0.66 0.243333 0.635 0.231667 0.625 0.25 0.6425 0.263333 0.6125 0.261667 0.6075 0.308333 0.6 0.326667 0.5875 0.33 0.5875 0.356667 0.58 0.36 0.575 0.39 0.5675 0.475 0.56 0.49 0.5575 0.516667 0.405 0.501667 0.4025 0.465 0.3975 0.436667 0.3875 0.405 0.3975 0.378333 0.4025 0.345 0.3925 0.325 0.3925 0.325 0.395 0.283333 0.395 0.24 0.3725 0.241667 0.3825 0.2 0.405 0.168333 0.4275 0.145 0.445 0.133333 0.46 0.118333 0.455 0.113333 0.41 0.136667 0.3625 0.165 0.34 0.178333 0.305 0.228333 0.275 0.29 0.255 0.313333 0.2425 0.371667 0.2375 0.381667 0.24 0.403333 0.27 0.39 0.295 0.39 0.3225 0.39 0.3275 0.403333 0.3325 0.443333 0.3325 0.471667 0.345 0.486667 0.375 0.505 0.3925 0.51 0.405 0.501667
4 0.5625 0.48 0.5675 0.476667 0.575 0.42 0.575 0.388333 0.58 0.36 0.5525 0.365 0.535 0.343333 0.525 0.348333 0.515 0.376667 0.4975 0.368333 0.4675 0.371667 0.4425 0.361667 0.4575 0.353333 0.4525 0.345 0.4325 0.358333 0.4275 0.35 0.4 0.346667 0.395 0.38 0.3875 0.403333 0.395 0.436667 0.4025 0.463333 0.4025 0.466667 0.4525 0.47 0.51 0.465 0.53 0.471667 0.5625 0.48 0.615 0.515 0.6075 0.526667 0.5875 0.533333 0.315 0.41 0.3275 0.398333 0.3225 0.39 0.2975 0.388333 0.2675 0.388333 0.2425 0.403333 0.24 0.423333 0.2425 0.426667 0.2725 0.41 0.2975 0.405 0.315 0.41 0.5875 0.533333 0.595 0.54 0.58 0.56 0.605 0.563333 0.65 0.565 0.6725 0.563333 0.68 0.533333 0.6875 0.518333 0.665 0.516667 0.6325 0.51 0.615 0.515
1 0.41 0.49 0.465 0.49 0.54 0.486667 0.5625 0.481667 0.5325 0.47 0.5125 0.465 0.455 0.47 0.405 0.466667 0.405 0.49
0 0.3175 0.538333 0.315 0.503333 0.325 0.478333 0.3275 0.456667 0.3025 0.465 0.2825 0.465 0.2625 0.476667 0.255 0.465 0.2425 0.448333 0.2425 0.436667 0.225 0.435 0.2075 0.461667 0.2 0.481667 0.2025 0.491667 0.1675 0.538333 0.1475 0.57 0.145 0.578333 0.165 0.593333 0.195 0.605 0.2175 0.603333 0.255 0.611667 0.29 0.601667 0.3175 0.578333 0.32 0.54
7 0.58 0.68 0.59 0.643333 0.5925 0.63 0.5975 0.613333 0.5825 0.606667 0.5825 0.601667 0.575 0.593333 0.59 0.563333 0.58 0.56 0.595 0.54 0.5875 0.533333 0.5875 0.523333 0.5575 0.515 0.56 0.488333 0.565 0.481667 0.54 0.486667 0.465 0.49 0.405 0.49 0.405 0.501667 0.3925 0.51 0.375 0.505 0.345 0.486667 0.33 0.47 0.3275 0.458333 0.325 0.478333 0.315 0.505 0.3175 0.54 0.32 0.54 0.3175 0.578333 0.31 0.631667 0.3075 0.685 0.3025 0.705 0.3125 0.738333 0.33 0.755 0.3625 0.78 0.3875 0.81 0.435 0.79 0.45 0.773333 0.45 0.758333 0.425 0.731667 0.41 0.718333 0.415 0.703333 0.41 0.69 0.425 0.66 0.425 0.651667 0.435 0.635 0.45 0.608333 0.47 0.575 0.475 0.61 0.48 0.656667 0.48 0.705 0.48 0.725 0.485 0.735 0.4825 0.75 0.49 0.76 0.4775 0.788333 0.5025 0.795 0.53 0.801667 0.5675 0.803333 0.575 0.746667 0.575 0.708333
2 0.47 0.778333 0.4575 0.763333 0.45 0.758333 0.45 0.773333 0.435 0.79 0.3875 0.811667 0.3675 0.785 0.365 0.795 0.3725 0.815 0.4025 0.84 0.455 0.881667 0.475 0.806667 0.4775 0.788333
2 0.5425 0.906667 0.545 0.92 0.5375 0.921667 0.5375 0.903333
2 0.545 0.891667 0.56 0.838333 0.575 0.803333 0.57 0.803333 0.53 0.801667 0.5 0.795 0.4775 0.788333 0.4725 0.806667 0.4525 0.881667 0.4475 0.895 0.455 0.908333 0.4525 0.915 0.455 0.93 0.45 0.941667 0.445 0.958333 0.44 0.973333 0.4575 0.981667 0.4675 0.978333 0.4875 0.978333 0.4875 0.966667 0.5025 0.961667 0.5075 0.95 0.515 0.943333 0.52 0.93 0.535 0.923333 0.54 0.901667 0.5425 0.89 0.545 0.891667 0.545 0.891667 0.56 0.838333 0.575 0.803333 0.57 0.803333 0.53 0.801667 0.5 0.795 0.4775 0.788333 0.4725 0.806667 0.4525 0.881667 0.4475 0.895 0.455 0.908333 0.4525 0.915 0.455 0.93 0.45 0.941667 0.445 0.958333 0.44 0.973333 0.4575 0.981667 0.4675 0.978333 0.4875 0.978333 0.4875 0.966667 0.5025 0.961667 0.5075 0.95 0.515 0.943333 0.52 0.93 0.535 0.923333 0.54 0.901667 0.5425 0.89 0.545 0.891667
