4 0.3875 0.366667 0.4175 0.325 0.4375 0.296667 0.4675 0.288333 0.525 0.295 0.555 0.301667 0.5875 0.308333 0.61 0.318333 0.615 0.336667 0.5725 0.378333 0.5725 0.398333 0.575 0.416667 0.59 0.441667 0.615 0.511667 0.6175 0.55 0.62 0.58 0.61 0.586667 0.56 0.598333 0.5425 0.596667 0.545 0.635 0.5125 0.621667 0.5075 0.588333 0.4775 0.585 0.475 0.591667 0.4625 0.578333 0.445 0.576667 0.44 0.626667 0.38 0.615 0.375 0.595 0.3325 0.568333 0.34 0.538333 0.37 0.471667 0.38 0.41
7 0.6575 0.576667 0.64 0.61 0.6325 0.646667 0.57 0.643333 0.5375 0.641667 0.5525 0.631667 0.5375 0.591667 0.56 0.598333 0.605 0.588333 0.615 0.58
0 0.365 0.663333 0.39 0.671667 0.435 0.67 0.4575 0.665 0.475 0.656667 0.48 0.641667 0.485 0.606667 0.48 0.591667 0.4775 0.576667 0.47 0.576667 0.47 0.591667 0.445 0.598333 0.4425 0.625 0.39 0.618333 0.38 0.61 0.385 0.595 0.365 0.586667 0.36 0.61 0.3575 0.641667 0.3575 0.656667
12 0.3575 0.448333 0.385 0.445 0.3875 0.38 0.4175 0.331667 0.4425 0.291667 0.42 0.288333 0.39 0.306667 0.355 0.361667 0.34 0.43 0.345 0.448333
2 0.515 0.726667 0.495 0.645 0.4925 0.625 0.5075 0.616667 0.5475 0.633333 0.5375 0.645 0.53 0.733333 0.525 0.75
2 0.515 0.726667 0.495 0.645 0.4925 0.625 0.5075 0.616667 0.5475 0.633333 0.5375 0.645 0.53 0.733333 0.525 0.75
5 0.6275 0.338333 0.6125 0.336667 0.6075 0.318333 0.59 0.306667 0.5525 0.3 0.525 0.293333 0.465 0.288333 0.4475 0.286667 0.455 0.255 0.455 0.236667 0.475 0.221667 0.505 0.203333 0.525 0.185 0.5575 0.188333 0.585 0.185 0.605 0.183333 0.63 0.176667 0.6525 0.17 0.6625 0.161667 0.7 0.158333 0.6925 0.168333 0.6825 0.183333 0.6825 0.208333 0.6875 0.221667 0.71 0.243333 0.7 0.256667 0.695 0.286667 0.685 0.33 0.67 0.338333 0.6275 0.338333 0.635 0.35 0.605 0.35 0.5925 0.358333 0.575 0.376667 0.5725 0.4 0.5725 0.415 0.5925 0.441667 0.6175 0.51 0.6175 0.548333 0.62 0.578333 0.64 0.576667 0.685 0.573333 0.72 0.565 0.74 0.55 0.7475 0.533333 0.76 0.531667 0.7475 0.465 0.7375 0.42 0.7225 0.39 0.6975 0.395 0.68 0.395 0.64 0.403333 0.63 0.396667 0.6425 0.388333 0.6125 0.391667 0.6075 0.381667 0.635 0.376667 0.6475 0.375 0.605 0.375 0.6075 0.363333 0.6425 0.361667 0.655 0.361667 0.635 0.35
8 0.44 0.175 0.4375 0.213333 0.4425 0.255 0.4425 0.286667 0.41 0.295 0.3775 0.32 0.365 0.31 0.375 0.293333 0.39 0.278333 0.3975 0.241667 0.405 0.203333 0.4225 0.18 0.44 0.175 0.685 0.18 0.6925 0.166667 0.6975 0.158333 0.72 0.163333 0.7525 0.186667 0.79 0.213333 0.82 0.238333 0.85 0.26 0.875 0.288333 0.88 0.295 0.8675 0.313333 0.8475 0.321667 0.8475 0.306667 0.805 0.305 0.785 0.31 0.7875 0.296667 0.775 0.285 0.725 0.25 0.7075 0.243333 0.6875 0.223333 0.685 0.216667 0.6825 0.208333 0.685 0.18
1 0.635 0.348333 0.63 0.351667 0.64 0.36 0.62 0.361667 0.6125 0.353333 0.5975 0.35 0.6075 0.34 0.62 0.343333 0.635 0.348333 0.6425 0.34 0.6825 0.333333 0.68 0.345 0.6675 0.345 0.6525 0.345 0.6425 0.34
2 0.4975 0.906667 0.535 0.913333 0.5525 0.903333 0.5675 0.873333 0.5825 0.851667 0.595 0.798333 0.62 0.738333 0.6375 0.68 0.65 0.658333 0.6275 0.648333 0.58 0.643333 0.5375 0.643333 0.53 0.733333 0.5225 0.79 0.52 0.811667 0.4975 0.858333 0.4775 0.888333 0.4825 0.903333 0.4975 0.906667 0.4975 0.906667 0.535 0.913333 0.5525 0.903333 0.5675 0.873333 0.5825 0.851667 0.595 0.798333 0.62 0.738333 0.6375 0.68 0.65 0.658333 0.6275 0.648333 0.58 0.643333 0.5375 0.643333 0.53 0.733333 0.5225 0.79 0.52 0.811667 0.4975 0.858333 0.4775 0.888333 0.4825 0.903333 0.4975 0.906667
