2 0.2425 0.738333 0.2475 0.746667 0.2525 0.751667 0.265 0.756667 0.2825 0.758333 0.29 0.758333 0.305 0.755 0.31 0.751667 0.3175 0.736667 0.3225 0.761667 0.3175 0.77 0.32 0.781667 0.315 0.791667 0.3175 0.796667 0.3175 0.806667 0.3075 0.821667 0.3125 0.825 0.315 0.826667 0.3075 0.835 0.305 0.843333 0.3125 0.846667 0.305 0.851667 0.2975 0.881667 0.2975 0.905 0.2975 0.911667 0.2975 0.93 0.295 0.941667 0.29 0.95 0.2725 0.95 0.255 0.945 0.2425 0.938333 0.235 0.933333 0.2325 0.928333 0.2325 0.92 0.2375 0.905 0.24 0.893333 0.2425 0.861667 0.245 0.845 0.2425 0.836667 0.24 0.825 0.24 0.821667 0.24 0.818333 0.23 0.81 0.23 0.788333 0.225 0.778333 0.235 0.76 0.2325 0.751667 0.2325 0.745
2 0.2425 0.738333 0.2475 0.746667 0.2525 0.751667 0.265 0.756667 0.2825 0.758333 0.29 0.758333 0.305 0.755 0.31 0.751667 0.3175 0.736667 0.3225 0.761667 0.3175 0.77 0.32 0.781667 0.315 0.791667 0.3175 0.796667 0.3175 0.806667 0.3075 0.821667 0.3125 0.825 0.315 0.826667 0.3075 0.835 0.305 0.843333 0.3125 0.846667 0.305 0.851667 0.2975 0.881667 0.2975 0.905 0.2975 0.911667 0.2975 0.93 0.295 0.941667 0.29 0.95 0.2725 0.95 0.255 0.945 0.2425 0.938333 0.235 0.933333 0.2325 0.928333 0.2325 0.92 0.2375 0.905 0.24 0.893333 0.2425 0.861667 0.245 0.845 0.2425 0.836667 0.24 0.825 0.24 0.821667 0.24 0.818333 0.23 0.81 0.23 0.788333 0.225 0.778333 0.235 0.76 0.2325 0.751667 0.2325 0.745
0 0.2275 0.756667 0.1825 0.77 0.1675 0.771667 0.1625 0.776667 0.155 0.773333 0.1275 0.771667 0.1 0.768333 0.0975 0.77 0.09 0.77 0.0925 0.766667 0.0725 0.765 0.0725 0.745 0.08 0.736667 0.085 0.721667 0.085 0.671667 0.0825 0.616667 0.105 0.615 0.1075 0.608333 0.115 0.598333 0.1125 0.581667 0.12 0.566667 0.125 0.535 0.135 0.521667 0.1425 0.513333 0.155 0.505 0.1625 0.51 0.165 0.533333 0.1675 0.548333 0.1675 0.56 0.16 0.575 0.1675 0.578333 0.1675 0.583333 0.18 0.585 0.1875 0.585 0.1825 0.56 0.175 0.526667 0.18 0.518333 0.1925 0.545 0.2 0.575 0.205 0.576667 0.2125 0.593333 0.2225 0.61 0.23 0.613333 0.2325 0.616667 0.2375 0.625 0.2525 0.636667 0.25 0.673333 0.245 0.701667 0.2475 0.703333 0.2475 0.708333 0.245 0.728333 0.2425 0.736667 0.2325 0.741667 0.2325 0.755
7 0.365 0.576667 0.3625 0.556667 0.38 0.556667 0.385 0.575 0.4075 0.566667 0.4425 0.558333 0.47 0.548333 0.475 0.548333 0.4825 0.553333 0.4725 0.576667 0.4575 0.623333 0.445 0.661667 0.44 0.686667 0.4375 0.703333 0.4425 0.73 0.4425 0.738333 0.435 0.746667 0.3925 0.74 0.3675 0.733333 0.3625 0.701667 0.36 0.68 0.3625 0.66 0.3675 0.593333 0.365 0.576667 0.345 0.583333 0.34 0.62 0.34 0.666667 0.3375 0.695 0.3325 0.708333 0.32 0.73 0.315 0.74 0.3075 0.751667 0.2925 0.758333 0.265 0.76 0.245 0.746667 0.2425 0.728333 0.25 0.698333 0.2575 0.68 0.255 0.673333 0.25 0.628333 0.24 0.576667 0.2375 0.55 0.2675 0.563333 0.3 0.571667 0.32 0.576667 0.325 0.581667 0.345 0.583333
1 0.29 0.378333 0.3525 0.38 0.365 0.376667 0.375 0.373333 0.385 0.373333 0.4 0.375 0.405 0.378333 0.445 0.383333 0.455 0.383333 0.455 0.386667 0.41 0.383333 0.415 0.396667 0.435 0.401667 0.44 0.411667 0.43 0.42 0.42 0.418333 0.4075 0.41 0.4175 0.461667 0.4225 0.496667 0.4225 0.53 0.395 0.53 0.39 0.483333 0.3825 0.42 0.385 0.4 0.365 0.403333 0.36 0.398333 0.3675 0.386667 0.325 0.385 0.295 0.385
11 0.53 0.121667 0.4925 0.125 0.47 0.1 0.425 0.0883333 0.385 0.0883333 0.32 0.0883333 0.2825 0.0866667 0.28 0.0816667 0.3075 0.0816667 0.3325 0.0783333 0.3425 0.0583333 0.36 0.0316667 0.3675 0.0283333 0.375 0.0266667 0.3875 0.0283333 0.4075 0.0266667 0.445 0.03 0.475 0.0416667 0.4825 0.05 0.4875 0.075 0.4825 0.0933333 0.5075 0.103333 0.525 0.111667
4 0.3 0.186667 0.2775 0.195 0.255 0.221667 0.24 0.25 0.225 0.275 0.2125 0.301667 0.1975 0.326667 0.1725 0.365 0.16 0.388333 0.16 0.393333 0.18 0.403333 0.1975 0.415 0.2075 0.423333 0.215 0.423333 0.215 0.436667 0.21 0.466667 0.2 0.466667 0.19 0.49 0.1925 0.493333 0.2025 0.501667 0.205 0.508333 0.2 0.525 0.23 0.535 0.225 0.548333 0.2375 0.548333 0.24 0.55 0.2675 0.563333 0.28 0.563333 0.29 0.568333 0.3 0.57 0.3225 0.576667 0.325 0.58 0.3425 0.583333 0.355 0.58 0.355 0.521667 0.3525 0.51 0.3675 0.531667 0.3825 0.551667 0.3875 0.575 0.41 0.566667 0.44 0.556667 0.465 0.55 0.4725 0.55 0.4825 0.553333 0.4925 0.55 0.4975 0.546667 0.52 0.538333 0.545 0.53 0.57 0.513333 0.59 0.486667 0.6 0.453333 0.6075 0.418333 0.605 0.378333 0.6125 0.373333 0.6075 0.351667 0.5975 0.35 0.585 0.318333 0.585 0.315 0.565 0.321667 0.5475 0.308333 0.53 0.296667 0.5125 0.268333 0.4825 0.245 0.4625 0.21 0.46 0.216667 0.4575 0.236667 0.4325 0.255 0.405 0.301667 0.3775 0.356667 0.3725 0.358333 0.3625 0.295 0.3575 0.27 0.3425 0.228333 0.3275 0.193333
8 0.5825 0.315 0.59 0.305 0.5975 0.295 0.61 0.283333 0.615 0.28 0.6275 0.293333 0.645 0.3 0.65 0.298333 0.6525 0.303333 0.635 0.32 0.61 0.345 0.605 0.348333 0.6 0.345 0.5875 0.325 0.5875 0.318333
8 0.185 0.41 0.17 0.438333 0.165 0.451667 0.16 0.463333 0.16 0.468333 0.19 0.475 0.1925 0.465 0.2025 0.463333 0.21 0.45 0.215 0.435 0.215 0.43 0.2125 0.423333 0.1975 0.41 0.1925 0.408333
8 0.325 0.19 0.3475 0.183333 0.3675 0.185 0.4125 0.188333 0.43 0.19 0.4575 0.218333 0.4575 0.235 0.4325 0.256667 0.4 0.308333 0.3775 0.36 0.375 0.358333 0.37 0.343333 0.36 0.278333 0.345 0.228333
2 0.365 0.733333 0.3975 0.741667 0.435 0.746667 0.4425 0.741667 0.4525 0.743333 0.4525 0.755 0.4475 0.775 0.4475 0.783333 0.43 0.816667 0.425 0.833333 0.405 0.876667 0.3975 0.886667 0.4 0.901667 0.4 0.913333 0.385 0.935 0.3825 0.96 0.355 0.966667 0.3225 0.968333 0.3125 0.965 0.31 0.956667 0.3125 0.945 0.33 0.925 0.34 0.893333 0.34 0.885 0.34 0.875 0.3525 0.846667 0.345 0.838333 0.3475 0.82 0.3525 0.818333 0.3475 0.811667 0.3475 0.791667 0.3625 0.736667 0.365 0.733333 0.365 0.733333 0.3975 0.741667 0.435 0.746667 0.4425 0.741667 0.4525 0.743333 0.4525 0.755 0.4475 0.775 0.4475 0.783333 0.43 0.816667 0.425 0.833333 0.405 0.876667 0.3975 0.886667 0.4 0.901667 0.4 0.913333 0.385 0.935 0.3825 0.96 0.355 0.966667 0.3225 0.968333 0.3125 0.965 0.31 0.956667 0.3125 0.945 0.33 0.925 0.34 0.893333 0.34 0.885 0.34 0.875 0.3525 0.846667 0.345 0.838333 0.3475 0.82 0.3525 0.818333 0.3475 0.811667 0.3475 0.791667 0.3625 0.736667 0.365 0.733333
